* Measurement data measured by REW V5.31.1
* Source: Frequency response averaged data
* Format: Averaged data produced from the rms magnitudes of R 481, R 482, R 484, R 485
* Dated: 16/08/2024 01:45:46 AM
* REW Settings:
*  C-weighting compensation: Off
*  Target level: 75.0 dB
* Note: Averaged data produced from the rms magnitudes of R 481, R 482, R 484, R 485
* Measurement: R AVG
* Smoothing: None
* Frequency Step: 1/48 octave
* Start Frequency: 20.000 Hz
*
* Freq(Hz)	SPL(dB)
20.000000	65.372
20.299999	65.210
20.600000	65.054
20.900000	65.046
21.200001	65.269
21.400000	65.528
21.799999	66.133
22.000000	66.410
22.400000	66.841
22.700001	67.058
23.000000	67.234
23.299999	67.420
23.600000	67.645
24.000000	67.984
24.299999	68.221
24.700001	68.470
25.000000	68.617
25.400000	68.815
25.799999	69.078
26.200001	69.400
26.500000	69.639
26.900000	69.902
27.200001	70.045
27.600000	70.191
28.000000	70.341
28.500000	70.593
29.000000	70.889
29.500000	71.157
30.000000	71.379
30.400000	71.567
30.700001	71.743
31.100000	72.034
31.500000	72.354
32.000000	72.694
32.500000	72.886
33.000000	72.959
33.500000	73.056
34.000000	73.305
34.500000	73.676
35.000000	74.032
35.500000	74.287
36.000000	74.465
36.500000	74.640
37.000000	74.844
37.500000	75.048
38.200001	75.267
38.700001	75.409
39.500000	75.757
40.000000	76.023
40.599998	76.275
41.200001	76.459
41.799999	76.707
42.500000	77.096
43.099998	77.336
43.700001	77.439
44.400002	77.599
45.000000	77.854
45.500000	78.073
46.200001	78.333
46.799999	78.567
47.500000	78.848
48.200001	79.063
48.700001	79.193
49.400002	79.388
50.000000	79.562
50.799999	79.820
51.500000	80.082
52.200001	80.319
53.000000	80.568
53.799999	80.842
54.500000	81.030
55.200001	81.170
56.000000	81.381
57.000000	81.728
58.000000	82.030
59.000000	82.265
60.000000	82.568
60.799999	82.756
61.500000	82.876
62.200001	83.077
63.000000	83.347
64.000000	83.553
65.000000	83.825
66.000000	84.136
67.000000	84.352
68.000000	84.572
69.000000	84.791
70.000000	85.039
71.000000	85.309
72.000000	85.504
73.000000	85.700
74.000000	85.939
75.000000	86.140
76.199997	86.393
77.500000	86.650
78.800003	86.917
80.000000	87.154
81.199997	87.398
82.500000	87.641
83.800003	87.881
85.000000	88.105
86.199997	88.310
87.500000	88.523
88.500000	88.691
90.000000	88.959
91.199997	89.119
92.500000	89.344
93.800003	89.563
95.000000	89.740
96.199997	89.894
97.500000	90.108
98.800003	90.277
100.000000	90.430
101.500000	90.640
103.000000	90.849
104.400002	91.004
106.000000	91.195
107.500000	91.367
109.000000	91.574
110.599998	91.732
112.000000	91.891
113.800003	92.059
115.000000	92.178
117.199997	92.371
118.000000	92.462
120.599998	92.700
122.000000	92.812
124.099998	92.990
125.000000	93.067
126.500000	93.168
128.000000	93.294
131.500000	93.535
132.000000	93.569
134.000000	93.702
136.000000	93.831
138.000000	93.930
140.000000	94.058
143.000000	94.215
145.000000	94.321
147.500000	94.434
150.000000	94.541
152.500000	94.648
155.000000	94.738
157.500000	94.823
160.000000	94.914
162.500000	94.921
165.000000	95.049
167.500000	95.098
170.000000	95.161
172.500000	95.225
175.000000	95.268
177.500000	95.317
180.000000	95.376
182.500000	95.399
185.000000	95.429
187.500000	95.474
190.000000	95.503
192.500000	95.533
195.000000	95.564
197.500000	95.595
200.000000	95.616
203.000000	95.657
206.000000	95.704
209.000000	95.732
212.000000	95.771
214.000000	95.790
218.000000	95.867
220.000000	95.885
224.000000	95.923
227.000000	95.951
230.000000	95.980
233.000000	96.015
236.000000	96.053
240.000000	96.092
243.000000	96.111
247.000000	96.159
250.000000	96.176
254.000000	96.210
258.000000	96.246
262.000000	96.281
265.000000	96.303
269.000000	96.346
272.000000	96.388
276.000000	96.450
280.000000	96.499
285.000000	96.536
290.000000	96.309
295.000000	95.437
300.000000	95.204
304.000000	95.440
307.000000	95.619
311.000000	95.775
315.000000	95.894
320.000000	96.003
325.000000	96.074
330.000000	96.127
335.000000	96.186
340.000000	96.232
345.000000	96.247
350.000000	96.282
355.000000	96.311
360.000000	96.309
365.000000	96.309
370.000000	96.280
375.000000	96.187
382.000000	95.855
387.000000	95.484
395.000000	95.142
400.000000	95.203
406.000000	95.414
412.000000	95.607
418.000000	95.782
425.000000	95.963
431.000000	96.082
437.000000	96.181
444.000000	96.294
450.000000	96.377
455.000000	96.440
462.000000	96.515
468.000000	96.579
475.000000	96.649
482.000000	96.702
487.000000	96.748
494.000000	96.808
500.000000	96.869
508.000000	96.918
515.000000	96.974
522.000000	97.030
530.000000	97.100
538.000000	97.147
545.000000	97.216
552.000000	97.262
560.000000	97.326
570.000000	97.394
580.000000	97.479
590.000000	97.537
600.000000	97.609
608.000000	97.680
615.000000	97.716
622.000000	97.767
630.000000	97.830
640.000000	97.886
650.000000	97.962
660.000000	98.022
670.000000	98.089
680.000000	98.146
690.000000	98.199
700.000000	98.262
710.000000	98.303
720.000000	98.363
730.000000	98.422
740.000000	98.465
750.000000	98.518
762.000000	98.573
775.000000	98.626
788.000000	98.681
800.000000	98.728
812.000000	98.774
825.000000	98.814
838.000000	98.872
850.000000	98.907
862.000000	98.954
875.000000	99.001
885.000000	99.032
900.000000	99.092
912.000000	99.139
925.000000	99.186
938.000000	99.229
950.000000	99.278
962.000000	99.319
975.000000	99.365
988.000000	99.408
1000.000000	99.446
1015.000000	99.504
1030.000000	99.564
1044.000000	99.621
1060.000000	99.681
1075.000000	99.746
1090.000000	99.806
1106.000000	99.896
1120.000000	99.968
1138.000000	100.072
1150.000000	100.135
1172.000000	100.283
1180.000000	100.332
1206.000000	100.516
1220.000000	100.620
1241.000000	100.783
1250.000000	100.854
1265.000000	100.994
1280.000000	101.123
1315.000000	101.444
1320.000000	101.495
1340.000000	101.687
1360.000000	101.897
1380.000000	102.100
1400.000000	102.288
1430.000000	102.593
1450.000000	102.806
1475.000000	103.041
1500.000000	103.274
1525.000000	103.497
1550.000000	103.711
1575.000000	103.879
1600.000000	104.030
1625.000000	104.167
1650.000000	104.248
1675.000000	104.326
1700.000000	104.357
1725.000000	104.317
1750.000000	104.364
1775.000000	104.317
1800.000000	104.224
1825.000000	104.162
1850.000000	104.076
1875.000000	103.952
1900.000000	103.875
1925.000000	103.722
1950.000000	103.575
1975.000000	103.457
2000.000000	103.289
2030.000000	103.071
2060.000000	102.869
2090.000000	102.593
2120.000000	102.361
2140.000000	102.201
2180.000000	101.883
2200.000000	101.725
2240.000000	101.412
2270.000000	101.160
2300.000000	100.900
2330.000000	100.773
2360.000000	100.549
2400.000000	100.203
2430.000000	99.800
2470.000000	99.703
2500.000000	99.519
2540.000000	99.626
2580.000000	99.690
2620.000000	99.785
2650.000000	99.812
2690.000000	99.895
2720.000000	99.980
2760.000000	100.075
2800.000000	100.189
2850.000000	100.308
2900.000000	100.445
2950.000000	100.630
3000.000000	100.723
3040.000000	100.823
3070.000000	100.888
3110.000000	100.952
3150.000000	100.974
3200.000000	100.959
3250.000000	100.940
3300.000000	100.866
3350.000000	100.773
3400.000000	100.685
3450.000000	100.556
3500.000000	100.410
3550.000000	100.287
3600.000000	100.108
3650.000000	99.978
3700.000000	99.809
3750.000000	99.661
3820.000000	99.415
3870.000000	99.292
3950.000000	99.033
4000.000000	98.963
4060.000000	99.072
4120.000000	99.110
4180.000000	99.103
4250.000000	99.080
4310.000000	99.204
4370.000000	99.273
4440.000000	99.341
4500.000000	99.393
4550.000000	99.480
4620.000000	99.624
4680.000000	99.766
4750.000000	100.027
4820.000000	100.264
4870.000000	100.504
4940.000000	100.904
5000.000000	101.188
5080.000000	101.682
5150.000000	102.128
5220.000000	102.561
5300.000000	103.127
5380.000000	103.547
5450.000000	103.831
5520.000000	104.082
5600.000000	104.205
5700.000000	104.095
5800.000000	103.650
5900.000000	102.913
6000.000000	101.896
6080.000000	100.977
6150.000000	100.185
6220.000000	99.261
6300.000000	98.546
6400.000000	97.523
6500.000000	96.721
6600.000000	95.764
6700.000000	95.203
6800.000000	94.695
6900.000000	94.261
7000.000000	94.108
7100.000000	94.052
7200.000000	94.081
7300.000000	93.993
7400.000000	93.804
7500.000000	93.599
7620.000000	93.221
7750.000000	92.792
7880.000000	92.242
8000.000000	91.736
8120.000000	91.256
8250.000000	90.841
8380.000000	90.587
8500.000000	90.429
8620.000000	90.356
8750.000000	90.407
8850.000000	90.524
9000.000000	90.735
9120.000000	91.101
9250.000000	91.663
9380.000000	92.388
9500.000000	93.182
9620.000000	94.088
9750.000000	93.098
9880.000000	90.106
10000.000000	91.064
10150.000000	91.595
10300.000000	91.016
10440.000000	90.030
10600.000000	88.933
10750.000000	88.094
10900.000000	87.361
11060.000000	86.915
11200.000000	86.499
11380.000000	86.232
11500.000000	86.110
11720.000000	85.705
11800.000000	85.575
12060.000000	85.333
12200.000000	85.566
12410.000000	86.200
12500.000000	86.195
12650.000000	86.183
12800.000000	86.047
13150.000000	84.561
13200.000000	84.331
13400.000000	84.280
13600.000000	85.008
13800.000000	86.191
14000.000000	87.393
14300.000000	87.179
14500.000000	85.340
14750.000000	83.440
15000.000000	82.635
15250.000000	81.888
15500.000000	81.473
15750.000000	80.929
16000.000000	80.286
16250.000000	79.798
16500.000000	78.974
16750.000000	78.338
17000.000000	77.774
17250.000000	77.491
17500.000000	77.634
17750.000000	78.027
18000.000000	78.410
18250.000000	78.917
18500.000000	79.126
18750.000000	79.814
19000.000000	80.583
19250.000000	81.682
19500.000000	82.712
19750.000000	82.185
20000.000000	80.499
