* Measurement data measured by REW V5.31.1
* Source: Frequency response averaged data
* Format: Averaged data produced from the rms magnitudes of L 468, L 469, L 470
* Dated: 16/08/2024 01:48:33 AM
* REW Settings:
*  C-weighting compensation: Off
*  Target level: 75.0 dB
* Note: Averaged data produced from the rms magnitudes of L 468, L 469, L 470
* Measurement: L AVG
* Smoothing: None
* Frequency Step: 1/48 octave
* Start Frequency: 20.000 Hz
*
* Freq(Hz)	SPL(dB)
20.000000	66.147
20.299999	66.330
20.600000	66.745
20.900000	67.276
21.200001	67.779
21.400000	68.046
21.799999	68.389
22.000000	68.477
22.400000	68.567
22.700001	68.652
23.000000	68.803
23.299999	69.019
23.600000	69.260
24.000000	69.530
24.299999	69.665
24.700001	69.789
25.000000	69.900
25.400000	70.142
25.799999	70.478
26.200001	70.806
26.500000	70.985
26.900000	71.121
27.200001	71.174
27.600000	71.261
28.000000	71.429
28.500000	71.729
29.000000	71.993
29.500000	72.159
30.000000	72.311
30.400000	72.494
30.700001	72.673
31.100000	72.937
31.500000	73.187
32.000000	73.453
32.500000	73.682
33.000000	73.899
33.500000	74.101
34.000000	74.291
34.500000	74.504
35.000000	74.767
35.500000	75.064
36.000000	75.338
36.500000	75.543
37.000000	75.676
37.500000	75.778
38.200001	76.009
38.700001	76.284
39.500000	76.724
40.000000	76.870
40.599998	76.973
41.200001	77.175
41.799999	77.481
42.500000	77.740
43.099998	77.843
43.700001	77.983
44.400002	78.241
45.000000	78.456
45.500000	78.636
46.200001	78.931
46.799999	79.144
47.500000	79.275
48.200001	79.431
48.700001	79.616
49.400002	79.861
50.000000	80.007
50.799999	80.230
51.500000	80.458
52.200001	80.626
53.000000	80.816
53.799999	81.048
54.500000	81.208
55.200001	81.360
56.000000	81.592
57.000000	81.873
58.000000	82.063
59.000000	82.248
60.000000	82.559
60.799999	82.766
61.500000	82.880
62.200001	83.008
63.000000	83.150
64.000000	83.328
65.000000	83.595
66.000000	83.745
67.000000	83.941
68.000000	84.160
69.000000	84.328
70.000000	84.573
71.000000	84.714
72.000000	84.881
73.000000	85.056
74.000000	85.204
75.000000	85.438
76.199997	85.599
77.500000	85.766
78.800003	85.941
80.000000	86.133
81.199997	86.328
82.500000	86.474
83.800003	86.673
85.000000	86.790
86.199997	87.002
87.500000	87.109
88.500000	87.234
90.000000	87.393
91.199997	87.520
92.500000	87.697
93.800003	87.834
95.000000	87.964
96.199997	88.067
97.500000	88.182
98.800003	88.290
100.000000	88.422
101.500000	88.578
103.000000	88.704
104.400002	88.823
106.000000	88.922
107.500000	89.068
109.000000	89.170
110.599998	89.296
112.000000	89.398
113.800003	89.485
115.000000	89.591
117.199997	89.715
118.000000	89.775
120.599998	89.948
122.000000	90.041
124.099998	90.140
125.000000	90.198
126.500000	90.296
128.000000	90.360
131.500000	90.575
132.000000	90.602
134.000000	90.688
136.000000	90.782
138.000000	90.890
140.000000	90.978
143.000000	91.106
145.000000	91.174
147.500000	91.297
150.000000	91.385
152.500000	91.481
155.000000	91.606
157.500000	91.668
160.000000	91.743
162.500000	91.819
165.000000	91.910
167.500000	91.968
170.000000	92.021
172.500000	92.092
175.000000	92.153
177.500000	92.181
180.000000	92.283
182.500000	92.351
185.000000	92.395
187.500000	92.439
190.000000	92.496
192.500000	92.539
195.000000	92.591
197.500000	92.643
200.000000	92.680
203.000000	92.737
206.000000	92.806
209.000000	92.877
212.000000	92.959
214.000000	92.987
218.000000	93.057
220.000000	93.106
224.000000	93.171
227.000000	93.225
230.000000	93.270
233.000000	93.332
236.000000	93.383
240.000000	93.467
243.000000	93.499
247.000000	93.557
250.000000	93.596
254.000000	93.666
258.000000	93.721
262.000000	93.755
265.000000	93.784
269.000000	93.826
272.000000	93.867
276.000000	93.910
280.000000	93.955
285.000000	94.006
290.000000	94.065
295.000000	94.108
300.000000	94.164
304.000000	94.193
307.000000	94.215
311.000000	94.270
315.000000	94.311
320.000000	94.345
325.000000	94.387
330.000000	94.438
335.000000	94.488
340.000000	94.537
345.000000	94.576
350.000000	94.622
355.000000	94.691
360.000000	94.736
365.000000	94.779
370.000000	94.823
375.000000	94.869
382.000000	94.927
387.000000	94.970
395.000000	95.035
400.000000	95.092
406.000000	95.163
412.000000	95.248
418.000000	95.354
425.000000	95.484
431.000000	95.567
437.000000	95.579
444.000000	95.608
450.000000	95.607
455.000000	95.620
462.000000	95.644
468.000000	95.660
475.000000	95.680
482.000000	95.728
487.000000	95.735
494.000000	95.749
500.000000	95.760
508.000000	95.766
515.000000	95.788
522.000000	95.787
530.000000	95.754
538.000000	95.715
545.000000	95.630
552.000000	95.543
560.000000	95.479
570.000000	95.570
580.000000	95.886
590.000000	96.171
600.000000	96.338
608.000000	96.437
615.000000	96.486
622.000000	96.548
630.000000	96.599
640.000000	96.646
650.000000	96.697
660.000000	96.734
670.000000	96.774
680.000000	96.789
690.000000	96.834
700.000000	96.850
710.000000	96.892
720.000000	96.905
730.000000	96.937
740.000000	96.972
750.000000	97.002
762.000000	97.021
775.000000	97.089
788.000000	97.120
800.000000	97.172
812.000000	97.206
825.000000	97.237
838.000000	97.274
850.000000	97.318
862.000000	97.354
875.000000	97.393
885.000000	97.403
900.000000	97.451
912.000000	97.489
925.000000	97.525
938.000000	97.563
950.000000	97.603
962.000000	97.642
975.000000	97.676
988.000000	97.714
1000.000000	97.740
1015.000000	97.802
1030.000000	97.843
1044.000000	97.889
1060.000000	97.951
1075.000000	98.027
1090.000000	98.088
1106.000000	98.146
1120.000000	98.219
1138.000000	98.338
1150.000000	98.404
1172.000000	98.540
1180.000000	98.594
1206.000000	98.802
1220.000000	98.915
1241.000000	99.094
1250.000000	99.172
1265.000000	99.345
1280.000000	99.520
1315.000000	99.973
1320.000000	100.045
1340.000000	100.328
1360.000000	100.629
1380.000000	100.968
1400.000000	101.310
1430.000000	101.870
1450.000000	102.276
1475.000000	102.799
1500.000000	103.352
1525.000000	103.916
1550.000000	104.511
1575.000000	105.043
1600.000000	105.615
1625.000000	106.209
1650.000000	106.752
1675.000000	107.255
1700.000000	107.803
1725.000000	108.285
1750.000000	108.732
1775.000000	109.241
1800.000000	109.608
1825.000000	110.010
1850.000000	110.401
1875.000000	110.742
1900.000000	111.076
1925.000000	111.438
1950.000000	111.704
1975.000000	112.023
2000.000000	112.273
2030.000000	112.584
2060.000000	112.865
2090.000000	113.122
2120.000000	113.382
2140.000000	113.542
2180.000000	113.847
2200.000000	113.984
2240.000000	114.258
2270.000000	114.451
2300.000000	114.611
2330.000000	114.717
2360.000000	114.838
2400.000000	114.906
2430.000000	114.937
2470.000000	114.893
2500.000000	114.839
2540.000000	114.701
2580.000000	114.505
2620.000000	114.255
2650.000000	114.042
2690.000000	113.731
2720.000000	113.471
2760.000000	113.122
2800.000000	112.756
2850.000000	112.310
2900.000000	111.857
2950.000000	111.424
3000.000000	111.012
3040.000000	110.696
3070.000000	110.473
3110.000000	110.134
3150.000000	109.477
3200.000000	108.824
3250.000000	108.828
3300.000000	108.528
3350.000000	108.239
3400.000000	107.962
3450.000000	107.698
3500.000000	107.455
3550.000000	107.235
3600.000000	107.017
3650.000000	106.836
3700.000000	106.651
3750.000000	106.496
3820.000000	106.274
3870.000000	106.175
3950.000000	105.997
4000.000000	105.924
4060.000000	105.880
4120.000000	105.825
4180.000000	105.838
4250.000000	105.860
4310.000000	105.908
4370.000000	105.973
4440.000000	106.147
4500.000000	106.351
4550.000000	106.638
4620.000000	107.051
4680.000000	107.369
4750.000000	107.782
4820.000000	108.083
4870.000000	108.363
4940.000000	108.808
5000.000000	109.090
5080.000000	109.590
5150.000000	110.031
5220.000000	110.385
5300.000000	110.816
5380.000000	110.945
5450.000000	110.909
5520.000000	110.707
5600.000000	110.163
5700.000000	109.192
5800.000000	108.006
5900.000000	106.780
6000.000000	105.507
6080.000000	104.606
6150.000000	103.807
6220.000000	103.044
6300.000000	102.308
6400.000000	101.399
6500.000000	100.619
6600.000000	99.908
6700.000000	99.238
6800.000000	98.636
6900.000000	98.062
7000.000000	97.614
7100.000000	97.217
7200.000000	96.880
7300.000000	96.545
7400.000000	96.306
7500.000000	96.060
7620.000000	95.864
7750.000000	95.690
7880.000000	95.560
8000.000000	95.464
8120.000000	95.147
8250.000000	94.534
8380.000000	94.535
8500.000000	95.284
8620.000000	96.038
8750.000000	97.276
8850.000000	97.496
9000.000000	97.235
9120.000000	97.126
9250.000000	97.147
9380.000000	97.318
9500.000000	97.523
9620.000000	97.833
9750.000000	98.083
9880.000000	98.320
10000.000000	98.406
10150.000000	98.197
10300.000000	97.890
10440.000000	97.498
10600.000000	97.316
10750.000000	97.485
10900.000000	97.986
11060.000000	98.814
11200.000000	99.591
11380.000000	100.636
11500.000000	100.951
11720.000000	100.759
11800.000000	100.501
12060.000000	100.118
12200.000000	100.164
12410.000000	100.222
12500.000000	100.192
12650.000000	100.001
12800.000000	99.810
13150.000000	99.349
13200.000000	99.260
13400.000000	98.852
13600.000000	98.096
13800.000000	96.918
14000.000000	95.174
14300.000000	91.912
14500.000000	89.398
14750.000000	86.498
15000.000000	84.905
15250.000000	84.781
15500.000000	84.334
15750.000000	83.520
16000.000000	82.764
16250.000000	82.199
16500.000000	81.259
16750.000000	80.055
17000.000000	79.043
17250.000000	79.321
17500.000000	80.117
17750.000000	82.083
18000.000000	84.536
18250.000000	87.227
18500.000000	89.462
18750.000000	90.861
19000.000000	91.071
19250.000000	90.531
19500.000000	89.441
19750.000000	88.247
20000.000000	86.993
