* Measurement data measured by REW V5.31.1
* Source: Frequency response averaged data
* Format: Averaged data produced from the rms magnitudes of R 463, R 464, R 465, R 466, R 467
* Dated: 16/08/2024 01:48:20 AM
* REW Settings:
*  C-weighting compensation: Off
*  Target level: 75.0 dB
* Note: Averaged data produced from the rms magnitudes of R 463, R 464, R 465, R 466, R 467
* Measurement: R AVG
* Smoothing: None
* Frequency Step: 1/48 octave
* Start Frequency: 20.000 Hz
*
* Freq(Hz)	SPL(dB)
20.000000	68.053
20.299999	68.242
20.600000	68.251
20.900000	68.114
21.200001	67.931
21.400000	67.859
21.799999	67.999
22.000000	68.223
22.400000	68.854
22.700001	69.321
23.000000	69.676
23.299999	69.887
23.600000	69.974
24.000000	70.011
24.299999	70.083
24.700001	70.331
25.000000	70.619
25.400000	71.046
25.799999	71.414
26.200001	71.670
26.500000	71.801
26.900000	71.942
27.200001	72.056
27.600000	72.243
28.000000	72.468
28.500000	72.756
29.000000	72.999
29.500000	73.191
30.000000	73.374
30.400000	73.540
30.700001	73.682
31.100000	73.885
31.500000	74.091
32.000000	74.333
32.500000	74.546
33.000000	74.714
33.500000	74.837
34.000000	74.957
34.500000	75.147
35.000000	75.431
35.500000	75.743
36.000000	75.991
36.500000	76.154
37.000000	76.291
37.500000	76.458
38.200001	76.710
38.700001	76.849
39.500000	77.046
40.000000	77.224
40.599998	77.480
41.200001	77.720
41.799999	77.929
42.500000	78.155
43.099998	78.326
43.700001	78.469
44.400002	78.633
45.000000	78.799
45.500000	78.953
46.200001	79.167
46.799999	79.325
47.500000	79.472
48.200001	79.617
48.700001	79.741
49.400002	79.933
50.000000	80.091
50.799999	80.297
51.500000	80.477
52.200001	80.649
53.000000	80.833
53.799999	80.998
54.500000	81.119
55.200001	81.238
56.000000	81.394
57.000000	81.598
58.000000	81.786
59.000000	81.960
60.000000	82.168
60.799999	82.300
61.500000	82.373
62.200001	82.463
63.000000	82.616
64.000000	82.833
65.000000	83.006
66.000000	83.105
67.000000	83.238
68.000000	83.395
69.000000	83.507
70.000000	83.633
71.000000	83.750
72.000000	83.886
73.000000	83.999
74.000000	84.126
75.000000	84.227
76.199997	84.321
77.500000	84.484
78.800003	84.591
80.000000	84.724
81.199997	84.823
82.500000	84.943
83.800003	85.026
85.000000	85.106
86.199997	85.256
87.500000	85.301
88.500000	85.414
90.000000	85.512
91.199997	85.594
92.500000	85.696
93.800003	85.785
95.000000	85.847
96.199997	85.907
97.500000	86.013
98.800003	86.078
100.000000	86.168
101.500000	86.249
103.000000	86.342
104.400002	86.399
106.000000	86.473
107.500000	86.577
109.000000	86.650
110.599998	86.753
112.000000	86.768
113.800003	86.884
115.000000	86.920
117.199997	87.002
118.000000	87.056
120.599998	87.166
122.000000	87.230
124.099998	87.299
125.000000	87.356
126.500000	87.395
128.000000	87.474
131.500000	87.594
132.000000	87.621
134.000000	87.704
136.000000	87.782
138.000000	87.837
140.000000	87.902
143.000000	88.017
145.000000	88.105
147.500000	88.169
150.000000	88.269
152.500000	88.345
155.000000	88.395
157.500000	88.481
160.000000	88.632
162.500000	88.648
165.000000	88.723
167.500000	88.764
170.000000	88.826
172.500000	88.900
175.000000	88.961
177.500000	89.004
180.000000	89.039
182.500000	89.114
185.000000	89.163
187.500000	89.210
190.000000	89.267
192.500000	89.320
195.000000	89.366
197.500000	89.402
200.000000	89.456
203.000000	89.509
206.000000	89.588
209.000000	89.656
212.000000	89.746
214.000000	89.796
218.000000	89.876
220.000000	89.914
224.000000	90.031
227.000000	90.083
230.000000	90.145
233.000000	90.215
236.000000	90.270
240.000000	90.386
243.000000	90.431
247.000000	90.516
250.000000	90.586
254.000000	90.650
258.000000	90.713
262.000000	90.772
265.000000	90.816
269.000000	90.881
272.000000	90.950
276.000000	90.990
280.000000	91.070
285.000000	91.152
290.000000	91.205
295.000000	91.301
300.000000	91.367
304.000000	91.452
307.000000	91.506
311.000000	91.572
315.000000	91.624
320.000000	91.739
325.000000	91.797
330.000000	91.896
335.000000	91.994
340.000000	92.078
345.000000	92.190
350.000000	92.280
355.000000	92.366
360.000000	92.473
365.000000	92.566
370.000000	92.693
375.000000	92.812
382.000000	93.018
387.000000	93.193
395.000000	93.530
400.000000	93.704
406.000000	93.754
412.000000	93.613
418.000000	93.476
425.000000	93.408
431.000000	93.423
437.000000	93.446
444.000000	93.517
450.000000	93.576
455.000000	93.625
462.000000	93.699
468.000000	93.768
475.000000	93.847
482.000000	93.925
487.000000	93.981
494.000000	94.057
500.000000	94.106
508.000000	94.190
515.000000	94.260
522.000000	94.341
530.000000	94.438
538.000000	94.521
545.000000	94.586
552.000000	94.661
560.000000	94.744
570.000000	94.843
580.000000	94.938
590.000000	95.041
600.000000	95.141
608.000000	95.219
615.000000	95.278
622.000000	95.324
630.000000	95.424
640.000000	95.512
650.000000	95.589
660.000000	95.650
670.000000	95.737
680.000000	95.805
690.000000	95.867
700.000000	95.950
710.000000	96.015
720.000000	96.073
730.000000	96.151
740.000000	96.216
750.000000	96.289
762.000000	96.379
775.000000	96.462
788.000000	96.553
800.000000	96.643
812.000000	96.721
825.000000	96.806
838.000000	96.893
850.000000	96.973
862.000000	97.059
875.000000	97.148
885.000000	97.222
900.000000	97.326
912.000000	97.396
925.000000	97.497
938.000000	97.591
950.000000	97.670
962.000000	97.761
975.000000	97.866
988.000000	97.951
1000.000000	98.032
1015.000000	98.154
1030.000000	98.277
1044.000000	98.398
1060.000000	98.541
1075.000000	98.663
1090.000000	98.811
1106.000000	98.949
1120.000000	99.097
1138.000000	99.284
1150.000000	99.408
1172.000000	99.673
1180.000000	99.769
1206.000000	100.099
1220.000000	100.284
1241.000000	100.560
1250.000000	100.687
1265.000000	100.923
1280.000000	101.161
1315.000000	101.755
1320.000000	101.848
1340.000000	102.202
1360.000000	102.571
1380.000000	102.967
1400.000000	103.349
1430.000000	103.948
1450.000000	104.386
1475.000000	104.906
1500.000000	105.438
1525.000000	105.989
1550.000000	106.553
1575.000000	107.038
1600.000000	107.544
1625.000000	108.090
1650.000000	108.559
1675.000000	109.013
1700.000000	109.482
1725.000000	109.877
1750.000000	110.275
1775.000000	110.710
1800.000000	111.014
1825.000000	111.342
1850.000000	111.662
1875.000000	111.930
1900.000000	112.193
1925.000000	112.477
1950.000000	112.666
1975.000000	112.921
2000.000000	113.101
2030.000000	113.323
2060.000000	113.528
2090.000000	113.709
2120.000000	113.892
2140.000000	113.995
2180.000000	114.191
2200.000000	114.273
2240.000000	114.435
2270.000000	114.544
2300.000000	114.625
2330.000000	114.661
2360.000000	114.702
2400.000000	114.683
2430.000000	114.654
2470.000000	114.548
2500.000000	114.451
2540.000000	114.282
2580.000000	114.064
2620.000000	113.805
2650.000000	113.591
2690.000000	113.288
2720.000000	113.033
2760.000000	112.693
2800.000000	112.338
2850.000000	111.888
2900.000000	111.422
2950.000000	110.954
3000.000000	110.456
3040.000000	110.017
3070.000000	109.634
3110.000000	108.973
3150.000000	108.424
3200.000000	109.511
3250.000000	109.440
3300.000000	109.027
3350.000000	108.646
3400.000000	108.312
3450.000000	108.004
3500.000000	107.730
3550.000000	107.487
3600.000000	107.263
3650.000000	107.070
3700.000000	106.878
3750.000000	106.711
3820.000000	106.482
3870.000000	106.364
3950.000000	106.166
4000.000000	106.080
4060.000000	106.011
4120.000000	105.948
4180.000000	105.920
4250.000000	105.915
4310.000000	105.924
4370.000000	105.967
4440.000000	106.103
4500.000000	106.260
4550.000000	106.503
4620.000000	106.863
4680.000000	107.188
4750.000000	107.591
4820.000000	107.893
4870.000000	108.156
4940.000000	108.549
5000.000000	108.864
5080.000000	109.309
5150.000000	109.763
5220.000000	110.119
5300.000000	110.637
5380.000000	110.910
5450.000000	111.013
5520.000000	110.999
5600.000000	110.755
5700.000000	110.213
5800.000000	109.394
5900.000000	108.388
6000.000000	107.207
6080.000000	106.337
6150.000000	105.541
6220.000000	104.778
6300.000000	103.954
6400.000000	103.057
6500.000000	102.272
6600.000000	101.524
6700.000000	100.828
6800.000000	100.250
6900.000000	99.669
7000.000000	99.204
7100.000000	98.833
7200.000000	98.452
7300.000000	98.149
7400.000000	97.936
7500.000000	97.693
7620.000000	97.487
7750.000000	97.277
7880.000000	97.109
8000.000000	96.822
8120.000000	95.799
8250.000000	95.681
8380.000000	96.009
8500.000000	95.984
8620.000000	95.955
8750.000000	95.983
8850.000000	96.078
9000.000000	96.514
9120.000000	96.862
9250.000000	97.097
9380.000000	97.372
9500.000000	97.613
9620.000000	97.956
9750.000000	98.219
9880.000000	98.472
10000.000000	98.339
10150.000000	97.582
10300.000000	96.469
10440.000000	95.547
10600.000000	95.141
10750.000000	95.057
10900.000000	95.215
11060.000000	95.600
11200.000000	96.056
11380.000000	96.962
11500.000000	97.438
11720.000000	97.904
11800.000000	97.973
12060.000000	99.030
12200.000000	99.321
12410.000000	98.749
12500.000000	98.565
12650.000000	98.458
12800.000000	98.603
13150.000000	98.297
13200.000000	98.231
13400.000000	97.944
13600.000000	97.297
13800.000000	96.023
14000.000000	94.312
14300.000000	90.842
14500.000000	88.769
14750.000000	87.612
15000.000000	88.273
15250.000000	87.873
15500.000000	86.604
15750.000000	85.303
16000.000000	83.862
16250.000000	83.135
16500.000000	82.303
16750.000000	81.150
17000.000000	80.182
17250.000000	79.958
17500.000000	79.708
17750.000000	80.506
18000.000000	81.547
18250.000000	83.581
18500.000000	86.076
18750.000000	88.131
19000.000000	89.150
19250.000000	89.350
19500.000000	88.801
19750.000000	88.265
20000.000000	87.241
