* Measurement data measured by REW V5.31.1
* Source: Frequency response averaged data
* Format: Averaged data produced from the rms magnitudes of R 497, R 499, R 500, R 501
* Dated: 16/08/2024 01:52:32 AM
* REW Settings:
*  C-weighting compensation: Off
*  Target level: 75.0 dB
* Note: Averaged data produced from the rms magnitudes of R 497, R 499, R 500, R 501
* Measurement: R AVG
* Smoothing: None
* Frequency Step: 1/48 octave
* Start Frequency: 20.000 Hz
*
* Freq(Hz)	SPL(dB)
20.000000	66.369
20.299999	66.681
20.600000	66.891
20.900000	67.022
21.200001	67.139
21.400000	67.254
21.799999	67.626
22.000000	67.871
22.400000	68.379
22.700001	68.658
23.000000	68.782
23.299999	68.744
23.600000	68.596
24.000000	68.414
24.299999	68.438
24.700001	68.752
25.000000	69.096
25.400000	69.508
25.799999	69.757
26.200001	69.900
26.500000	70.028
26.900000	70.304
27.200001	70.569
27.600000	70.886
28.000000	71.071
28.500000	71.164
29.000000	71.383
29.500000	71.849
30.000000	72.273
30.400000	72.392
30.700001	72.369
31.100000	72.364
31.500000	72.630
32.000000	73.366
32.500000	74.109
33.000000	74.475
33.500000	74.475
34.000000	74.387
34.500000	74.457
35.000000	74.686
35.500000	74.955
36.000000	75.207
36.500000	75.435
37.000000	75.611
37.500000	75.731
38.200001	75.917
38.700001	76.121
39.500000	76.516
40.000000	76.811
40.599998	77.199
41.200001	77.456
41.799999	77.484
42.500000	77.485
43.099998	77.719
43.700001	78.061
44.400002	78.373
45.000000	78.547
45.500000	78.579
46.200001	78.413
46.799999	78.435
47.500000	79.156
48.200001	80.011
48.700001	80.269
49.400002	80.225
50.000000	80.206
50.799999	80.416
51.500000	80.614
52.200001	80.805
53.000000	81.032
53.799999	81.220
54.500000	81.444
55.200001	81.731
56.000000	82.026
57.000000	82.281
58.000000	82.419
59.000000	82.651
60.000000	83.007
60.799999	83.159
61.500000	83.209
62.200001	83.317
63.000000	83.595
64.000000	84.096
65.000000	84.323
66.000000	84.152
67.000000	84.465
68.000000	84.706
69.000000	84.694
70.000000	84.829
71.000000	84.979
72.000000	85.238
73.000000	85.481
74.000000	85.782
75.000000	86.086
76.199997	86.551
77.500000	86.278
78.800003	86.197
80.000000	86.713
81.199997	86.613
82.500000	86.805
83.800003	86.959
85.000000	87.129
86.199997	87.282
87.500000	87.406
88.500000	87.505
90.000000	87.559
91.199997	87.734
92.500000	87.841
93.800003	87.981
95.000000	88.083
96.199997	88.196
97.500000	88.288
98.800003	88.383
100.000000	88.457
101.500000	88.571
103.000000	88.677
104.400002	88.770
106.000000	88.878
107.500000	88.927
109.000000	89.030
110.599998	89.104
112.000000	89.184
113.800003	89.266
115.000000	89.322
117.199997	89.413
118.000000	89.401
120.599998	89.536
122.000000	89.614
124.099998	89.678
125.000000	89.746
126.500000	89.773
128.000000	89.809
131.500000	89.919
132.000000	89.943
134.000000	90.005
136.000000	90.073
138.000000	90.092
140.000000	90.163
143.000000	90.237
145.000000	90.315
147.500000	90.367
150.000000	90.402
152.500000	90.451
155.000000	90.507
157.500000	90.566
160.000000	90.615
162.500000	90.590
165.000000	90.630
167.500000	90.705
170.000000	90.736
172.500000	90.757
175.000000	90.784
177.500000	90.846
180.000000	90.838
182.500000	90.856
185.000000	90.903
187.500000	90.897
190.000000	90.930
192.500000	90.964
195.000000	90.993
197.500000	91.006
200.000000	91.017
203.000000	91.068
206.000000	91.108
209.000000	91.119
212.000000	91.156
214.000000	91.177
218.000000	91.242
220.000000	91.264
224.000000	91.324
227.000000	91.331
230.000000	91.377
233.000000	91.410
236.000000	91.443
240.000000	91.462
243.000000	91.478
247.000000	91.518
250.000000	91.561
254.000000	91.577
258.000000	91.599
262.000000	91.624
265.000000	91.645
269.000000	91.677
272.000000	91.682
276.000000	91.694
280.000000	91.687
285.000000	91.718
290.000000	91.762
295.000000	91.776
300.000000	91.822
304.000000	91.838
307.000000	91.837
311.000000	91.836
315.000000	91.823
320.000000	91.821
325.000000	91.821
330.000000	91.793
335.000000	91.787
340.000000	91.797
345.000000	91.774
350.000000	91.770
355.000000	91.754
360.000000	91.776
365.000000	91.788
370.000000	91.836
375.000000	91.947
382.000000	92.128
387.000000	92.249
395.000000	92.427
400.000000	92.536
406.000000	92.658
412.000000	92.725
418.000000	92.804
425.000000	92.881
431.000000	92.929
437.000000	93.006
444.000000	93.069
450.000000	93.160
455.000000	93.179
462.000000	93.226
468.000000	93.309
475.000000	93.362
482.000000	93.415
487.000000	93.464
494.000000	93.520
500.000000	93.573
508.000000	93.633
515.000000	93.688
522.000000	93.753
530.000000	93.829
538.000000	93.888
545.000000	93.953
552.000000	93.993
560.000000	94.077
570.000000	94.156
580.000000	94.227
590.000000	94.306
600.000000	94.405
608.000000	94.474
615.000000	94.522
622.000000	94.583
630.000000	94.662
640.000000	94.731
650.000000	94.797
660.000000	94.872
670.000000	94.945
680.000000	94.995
690.000000	95.088
700.000000	95.139
710.000000	95.212
720.000000	95.266
730.000000	95.328
740.000000	95.401
750.000000	95.454
762.000000	95.523
775.000000	95.609
788.000000	95.675
800.000000	95.774
812.000000	95.827
825.000000	95.905
838.000000	95.972
850.000000	96.030
862.000000	96.105
875.000000	96.171
885.000000	96.232
900.000000	96.311
912.000000	96.378
925.000000	96.452
938.000000	96.514
950.000000	96.575
962.000000	96.641
975.000000	96.701
988.000000	96.765
1000.000000	96.801
1015.000000	96.862
1030.000000	96.897
1044.000000	96.944
1060.000000	96.974
1075.000000	96.988
1090.000000	97.006
1106.000000	97.017
1120.000000	97.039
1138.000000	97.051
1150.000000	97.073
1172.000000	97.145
1180.000000	97.166
1206.000000	97.311
1220.000000	97.402
1241.000000	97.538
1250.000000	97.624
1265.000000	97.771
1280.000000	97.914
1315.000000	98.297
1320.000000	98.351
1340.000000	98.583
1360.000000	98.815
1380.000000	99.062
1400.000000	99.312
1430.000000	99.669
1450.000000	99.934
1475.000000	100.245
1500.000000	100.552
1525.000000	100.850
1550.000000	101.156
1575.000000	101.422
1600.000000	101.690
1625.000000	101.971
1650.000000	102.181
1675.000000	102.418
1700.000000	102.604
1725.000000	102.735
1750.000000	102.911
1775.000000	103.047
1800.000000	103.121
1825.000000	103.206
1850.000000	103.279
1875.000000	103.275
1900.000000	103.329
1925.000000	103.293
1950.000000	103.240
1975.000000	103.214
2000.000000	103.122
2030.000000	102.984
2060.000000	102.904
2090.000000	102.740
2120.000000	102.610
2140.000000	102.500
2180.000000	102.291
2200.000000	102.213
2240.000000	101.985
2270.000000	101.829
2300.000000	101.675
2330.000000	101.569
2360.000000	101.445
2400.000000	101.347
2430.000000	101.247
2470.000000	101.064
2500.000000	100.516
2540.000000	100.380
2580.000000	100.502
2620.000000	100.540
2650.000000	100.518
2690.000000	100.496
2720.000000	100.497
2760.000000	100.467
2800.000000	100.443
2850.000000	100.388
2900.000000	100.359
2950.000000	100.346
3000.000000	100.287
3040.000000	100.267
3070.000000	100.241
3110.000000	100.207
3150.000000	100.161
3200.000000	100.057
3250.000000	99.982
3300.000000	99.895
3350.000000	99.806
3400.000000	99.732
3450.000000	99.660
3500.000000	99.580
3550.000000	99.534
3600.000000	99.453
3650.000000	99.421
3700.000000	99.359
3750.000000	99.329
3820.000000	99.247
3870.000000	99.233
3950.000000	99.191
4000.000000	99.222
4060.000000	99.254
4120.000000	99.286
4180.000000	99.397
4250.000000	99.498
4310.000000	99.629
4370.000000	99.726
4440.000000	99.908
4500.000000	100.041
4550.000000	100.190
4620.000000	100.441
4680.000000	100.694
4750.000000	101.041
4820.000000	101.340
4870.000000	101.644
4940.000000	102.107
5000.000000	102.379
5080.000000	102.781
5150.000000	103.037
5220.000000	103.182
5300.000000	103.293
5380.000000	103.121
5450.000000	102.850
5520.000000	102.464
5600.000000	101.899
5700.000000	101.098
5800.000000	100.230
5900.000000	99.263
6000.000000	98.398
6080.000000	97.766
6150.000000	97.267
6220.000000	96.756
6300.000000	96.392
6400.000000	95.958
6500.000000	95.680
6600.000000	95.478
6700.000000	95.293
6800.000000	94.953
6900.000000	94.482
7000.000000	94.034
7100.000000	93.483
7200.000000	93.072
7300.000000	92.735
7400.000000	92.469
7500.000000	92.364
7620.000000	92.306
7750.000000	92.362
7880.000000	92.416
8000.000000	92.516
8120.000000	92.594
8250.000000	92.697
8380.000000	92.927
8500.000000	93.189
8620.000000	93.637
8750.000000	94.214
8850.000000	94.758
9000.000000	95.613
9120.000000	96.386
9250.000000	97.160
9380.000000	97.685
9500.000000	97.699
9620.000000	97.352
9750.000000	96.741
9880.000000	95.879
10000.000000	94.930
10150.000000	93.509
10300.000000	91.587
10440.000000	88.231
10600.000000	81.854
10750.000000	80.932
10900.000000	82.153
11060.000000	82.882
11200.000000	83.260
11380.000000	83.917
11500.000000	84.332
11720.000000	85.451
11800.000000	85.801
12060.000000	87.203
12200.000000	88.124
12410.000000	89.516
12500.000000	90.050
12650.000000	90.791
12800.000000	91.439
13150.000000	92.091
13200.000000	92.126
13400.000000	92.523
13600.000000	93.006
13800.000000	93.070
14000.000000	92.104
14300.000000	89.063
14500.000000	86.574
14750.000000	82.850
15000.000000	79.265
15250.000000	75.724
15500.000000	71.575
15750.000000	66.230
16000.000000	61.094
16250.000000	59.500
16500.000000	61.812
16750.000000	63.443
17000.000000	65.429
17250.000000	66.023
17500.000000	66.667
17750.000000	68.435
18000.000000	70.580
18250.000000	72.006
18500.000000	72.668
18750.000000	73.265
19000.000000	73.568
19250.000000	73.240
19500.000000	72.426
19750.000000	71.174
20000.000000	69.657
