* Measurement data measured by REW V5.31.1
* Source: EXCL: Micrófono (Realtek(R) Audio), MICROPHONE (Volumen general), L, volume: 0,900. Timing signal peak level -15,9 dBFS, measurement signal peak level -15,5 dBFS
* Format: 512k Log Swept Sine, 1 sweep at -12,0 dBFS using an acoustic timing reference
* Dated: 16/11/2025 02:38:04 AM
* REW Settings:
*  C-weighting compensation: Off
*  Target level: 75.0 dB
* Note: Delay -0,0233 ms (-8,0 mm, -0,32 in) using estimated IR delay relative to Acoustic reference played from HEADPHONE R with no timing offset Clock adjustment: 36,1 ppm
* Measurement: R 1092
* Smoothing: None
* Frequency Step: 1/48 octave
* Start Frequency: 20.000 Hz
*
* Freq(Hz)	SPL(dB)	Phase(degrees)
20.000000	102.465	-153.0733
20.299999	102.489	-153.6521
20.600000	102.513	-154.2365
20.900000	102.537	-154.8281
21.200001	102.558	-155.4210
21.400000	102.570	-155.8118
21.799999	102.593	-156.5760
22.000000	102.603	-156.9475
22.400000	102.623	-157.6711
22.700001	102.638	-158.2032
23.000000	102.652	-158.7328
23.299999	102.666	-159.2619
23.600000	102.677	-159.7873
24.000000	102.687	-160.4703
24.299999	102.691	-160.9568
24.700001	102.696	-161.5598
25.000000	102.701	-161.9809
25.400000	102.713	-162.5212
25.799999	102.730	-163.0744
26.200001	102.748	-163.6692
26.500000	102.757	-164.1408
26.900000	102.761	-164.7784
27.200001	102.757	-165.2367
27.600000	102.747	-165.7931
28.000000	102.737	-166.2823
28.500000	102.732	-166.8391
29.000000	102.735	-167.3981
29.500000	102.740	-167.9853
30.000000	102.745	-168.5889
30.400000	102.747	-169.0772
30.700001	102.748	-169.4485
31.100000	102.746	-169.9502
31.500000	102.740	-170.4469
32.000000	102.726	-171.0245
32.500000	102.712	-171.5289
33.000000	102.705	-171.9868
33.500000	102.705	-172.4524
34.000000	102.705	-172.9500
34.500000	102.702	-173.4572
35.000000	102.695	-173.9534
35.500000	102.687	-174.4455
36.000000	102.673	-174.9364
36.500000	102.653	-175.3944
37.000000	102.635	-175.7929
37.500000	102.625	-176.1726
38.200001	102.619	-176.8238
38.700001	102.599	-177.3700
39.500000	102.536	-178.0647
40.000000	102.507	-178.3177
40.599998	102.503	-178.6145
41.200001	102.514	-179.0924
41.799999	102.508	-179.6951
42.500000	102.477	179.6720
43.099998	102.451	179.2458
43.700001	102.431	178.8546
44.400002	102.411	178.4099
45.000000	102.396	178.0605
45.500000	102.388	177.7700
46.200001	102.381	177.2907
46.799999	102.361	176.8201
47.500000	102.321	176.3396
48.200001	102.284	175.9789
48.700001	102.266	175.7145
49.400002	102.239	175.2647
50.000000	102.204	174.8920
50.799999	102.162	174.5067
51.500000	102.139	174.1451
52.200001	102.111	173.7124
53.000000	102.069	173.2763
53.799999	102.037	172.9065
54.500000	102.015	172.5450
55.200001	101.989	172.1470
56.000000	101.950	171.7175
57.000000	101.903	171.2960
58.000000	101.869	170.8075
59.000000	101.811	170.3085
60.000000	101.759	169.9362
60.799999	101.723	169.5889
61.500000	101.690	169.2822
62.200001	101.658	168.9407
63.000000	101.608	168.5618
64.000000	101.566	168.2758
65.000000	101.552	167.7178
66.000000	101.474	167.1383
67.000000	101.400	167.0041
68.000000	101.360	166.8134
69.000000	101.303	166.5590
70.000000	101.244	166.2559
71.000000	101.164	165.8508
72.000000	101.090	165.4276
73.000000	100.998	164.8571
74.000000	100.915	164.6218
75.000000	100.895	164.3364
76.199997	100.883	163.8516
77.500000	100.730	163.6086
78.800003	100.742	164.4260
80.000000	100.529	164.2278
81.199997	100.479	164.8747
82.500000	99.879	165.2335
83.800003	100.282	168.4237
85.000000	100.187	164.4087
86.199997	99.835	165.3552
87.500000	99.910	166.4429
88.500000	100.061	166.5758
90.000000	100.205	167.3254
91.199997	100.411	166.1982
92.500000	100.262	166.5684
93.800003	100.479	166.1278
95.000000	100.336	165.2574
96.199997	100.406	165.3566
97.500000	100.377	164.1765
98.800003	100.347	163.9014
100.000000	100.281	163.3712
101.500000	100.259	163.4089
103.000000	100.211	162.9559
104.400002	100.216	162.8001
106.000000	100.165	162.4644
107.500000	100.118	162.1562
109.000000	100.075	162.6280
110.599998	100.076	161.6681
112.000000	99.939	161.3234
113.800003	99.831	160.6594
115.000000	99.746	160.3218
117.199997	99.680	160.1769
118.000000	99.632	159.9074
120.599998	99.633	159.8721
122.000000	99.567	159.7531
124.099998	99.489	159.8304
125.000000	99.434	159.6984
126.500000	99.384	159.8383
128.000000	99.348	159.7106
131.500000	99.212	159.7296
132.000000	99.226	159.4408
134.000000	99.148	158.8287
136.000000	98.998	159.1130
138.000000	99.007	159.0931
140.000000	98.898	159.1276
143.000000	98.845	158.8667
145.000000	98.780	158.6528
147.500000	98.693	158.7027
150.000000	98.601	158.5104
152.500000	98.522	158.4969
155.000000	98.431	158.6243
157.500000	98.354	158.6871
160.000000	98.305	158.5934
162.500000	98.240	158.7042
165.000000	98.149	158.7915
167.500000	98.092	158.9707
170.000000	98.008	158.9453
172.500000	97.925	159.1173
175.000000	97.866	159.2530
177.500000	97.835	159.2748
180.000000	97.697	159.3968
182.500000	97.675	159.5794
185.000000	97.626	159.8756
187.500000	97.574	160.0367
190.000000	97.558	159.9688
192.500000	97.484	160.0125
195.000000	97.478	160.2154
197.500000	97.443	160.3226
200.000000	97.379	160.5793
203.000000	97.333	160.5899
206.000000	97.277	160.7720
209.000000	97.220	160.9695
212.000000	97.180	161.0587
214.000000	97.132	161.1500
218.000000	97.067	161.4878
220.000000	97.039	161.5338
224.000000	96.983	161.8712
227.000000	96.947	162.0202
230.000000	96.911	162.1307
233.000000	96.886	162.0945
236.000000	96.867	162.2562
240.000000	96.797	162.4112
243.000000	96.743	162.3610
247.000000	96.650	162.2878
250.000000	96.609	162.7483
254.000000	96.554	162.8099
258.000000	96.507	162.9660
262.000000	96.451	163.1071
265.000000	96.416	163.3170
269.000000	96.350	163.4717
272.000000	96.305	163.8239
276.000000	96.238	163.9970
280.000000	96.214	164.2249
285.000000	96.143	164.5331
290.000000	96.067	164.8004
295.000000	96.017	165.1401
300.000000	95.960	165.5156
304.000000	95.943	165.6128
307.000000	95.889	165.9685
311.000000	95.859	166.2193
315.000000	95.832	166.3503
320.000000	95.746	166.7643
325.000000	95.697	167.0520
330.000000	95.688	167.2516
335.000000	95.651	167.6244
340.000000	95.589	168.0002
345.000000	95.563	168.4155
350.000000	95.500	168.6930
355.000000	95.471	169.0516
360.000000	95.445	169.4709
365.000000	95.395	169.6181
370.000000	95.385	170.0157
375.000000	95.357	170.2986
382.000000	95.292	170.7957
387.000000	95.261	170.9868
395.000000	95.202	171.5070
400.000000	95.190	171.7257
406.000000	95.166	172.3994
412.000000	95.130	172.7130
418.000000	95.108	173.0555
425.000000	95.075	173.4501
431.000000	95.036	173.8610
437.000000	95.002	174.2491
444.000000	95.003	174.5870
450.000000	94.967	174.8394
455.000000	94.964	175.2740
462.000000	94.924	175.9129
468.000000	94.920	176.1253
475.000000	94.864	176.6354
482.000000	94.868	177.0539
487.000000	94.827	177.3000
494.000000	94.853	177.5598
500.000000	94.818	178.0866
508.000000	94.770	178.5646
515.000000	94.773	178.7862
522.000000	94.745	179.3286
530.000000	94.746	179.6519
538.000000	94.725	-179.7608
545.000000	94.718	-179.3214
552.000000	94.714	-178.9872
560.000000	94.701	-178.4343
570.000000	94.676	-177.9913
580.000000	94.678	-177.3584
590.000000	94.662	-176.8326
600.000000	94.666	-176.2833
608.000000	94.649	-175.8456
615.000000	94.634	-175.5180
622.000000	94.649	-175.2232
630.000000	94.628	-174.7979
640.000000	94.659	-174.1059
650.000000	94.645	-173.5494
660.000000	94.684	-173.0018
670.000000	94.640	-172.5079
680.000000	94.690	-171.8619
690.000000	94.664	-171.4514
700.000000	94.678	-171.1133
710.000000	94.739	-170.7100
720.000000	94.715	-170.0092
730.000000	94.742	-169.6505
740.000000	94.755	-169.1828
750.000000	94.822	-168.7844
762.000000	94.813	-168.3441
775.000000	94.849	-167.9514
788.000000	94.899	-167.6203
800.000000	94.893	-167.3970
812.000000	94.898	-167.4529
825.000000	94.823	-167.2740
838.000000	94.739	-166.8076
850.000000	94.645	-165.8871
862.000000	94.617	-164.8292
875.000000	94.624	-163.7012
885.000000	94.626	-162.6380
900.000000	94.765	-161.7278
912.000000	94.787	-161.0080
925.000000	94.871	-160.3384
938.000000	94.951	-159.5511
950.000000	95.022	-159.0785
962.000000	95.083	-158.3428
975.000000	95.135	-158.1136
988.000000	95.198	-157.5527
1000.000000	95.271	-157.0044
1015.000000	95.348	-156.5225
1030.000000	95.443	-156.1688
1044.000000	95.487	-155.6499
1060.000000	95.577	-155.1423
1075.000000	95.628	-154.8502
1090.000000	95.728	-154.3621
1106.000000	95.780	-154.0973
1120.000000	95.848	-153.5853
1138.000000	95.926	-153.3772
1150.000000	95.980	-153.2090
1172.000000	96.071	-152.8045
1180.000000	96.095	-152.5460
1206.000000	96.190	-152.1398
1220.000000	96.260	-151.7844
1241.000000	96.328	-151.5250
1250.000000	96.357	-151.2709
1265.000000	96.394	-150.9331
1280.000000	96.451	-150.7643
1315.000000	96.553	-150.2247
1320.000000	96.561	-150.0637
1340.000000	96.619	-149.7606
1360.000000	96.671	-149.4068
1380.000000	96.748	-148.8487
1400.000000	96.816	-148.4414
1430.000000	96.876	-147.8002
1450.000000	96.923	-147.4953
1475.000000	96.994	-146.9307
1500.000000	97.088	-146.2115
1525.000000	97.184	-145.5992
1550.000000	97.243	-144.8457
1575.000000	97.349	-144.3897
1600.000000	97.437	-143.6324
1625.000000	97.553	-143.0919
1650.000000	97.685	-142.3307
1675.000000	97.789	-141.7592
1700.000000	97.923	-141.0051
1725.000000	98.039	-140.3702
1750.000000	98.167	-139.7999
1775.000000	98.310	-139.1954
1800.000000	98.458	-138.4991
1825.000000	98.654	-137.9745
1850.000000	98.810	-137.2451
1875.000000	99.008	-136.6710
1900.000000	99.269	-136.1518
1925.000000	99.516	-135.9272
1950.000000	99.752	-135.8669
1975.000000	99.985	-136.0049
2000.000000	100.185	-136.2111
2030.000000	100.448	-136.4484
2060.000000	100.691	-136.8268
2090.000000	100.936	-137.2471
2120.000000	101.197	-137.9061
2140.000000	101.327	-138.3070
2180.000000	101.627	-139.3514
2200.000000	101.768	-139.7376
2240.000000	102.043	-140.9827
2270.000000	102.237	-141.8088
2300.000000	102.428	-142.7259
2330.000000	102.642	-143.8526
2360.000000	102.839	-145.1766
2400.000000	103.043	-147.2570
2430.000000	103.160	-148.8527
2470.000000	103.278	-151.0079
2500.000000	103.324	-152.6039
2540.000000	103.350	-154.6100
2580.000000	103.348	-156.4847
2620.000000	103.320	-158.2036
2650.000000	103.273	-159.3893
2690.000000	103.204	-160.8654
2720.000000	103.184	-161.7883
2760.000000	103.093	-163.0794
2800.000000	103.022	-164.4117
2850.000000	102.880	-165.6015
2900.000000	102.727	-166.5423
2950.000000	102.595	-167.1127
3000.000000	102.491	-167.3157
3040.000000	102.459	-167.3420
3070.000000	102.456	-167.5983
3110.000000	102.462	-168.0501
3150.000000	102.435	-168.6375
3200.000000	102.404	-169.2206
3250.000000	102.359	-169.8705
3300.000000	102.343	-170.3903
3350.000000	102.326	-170.8815
3400.000000	102.324	-171.4854
3450.000000	102.328	-172.1622
3500.000000	102.359	-172.8665
3550.000000	102.378	-173.8208
3600.000000	102.400	-175.0833
3650.000000	102.395	-176.6568
3700.000000	102.364	-178.3551
3750.000000	102.251	179.6290
3820.000000	101.949	176.8480
3870.000000	101.616	175.1946
3950.000000	100.998	173.8766
4000.000000	100.580	173.9774
4060.000000	100.141	174.7581
4120.000000	99.811	176.2238
4180.000000	99.576	178.0251
4250.000000	99.444	-179.9798
4310.000000	99.398	-178.4070
4370.000000	99.401	-177.2491
4440.000000	99.488	-176.2492
4500.000000	99.508	-175.8343
4550.000000	99.593	-175.7035
4620.000000	99.638	-175.6035
4680.000000	99.687	-175.9364
4750.000000	99.717	-176.5155
4820.000000	99.717	-177.2570
4870.000000	99.675	-177.9239
4940.000000	99.601	-178.7383
5000.000000	99.499	-179.5334
5080.000000	99.328	179.4669
5150.000000	99.134	178.6600
5220.000000	98.930	178.2495
5300.000000	98.655	177.6188
5380.000000	98.366	177.6043
5450.000000	98.085	177.7096
5520.000000	97.827	178.0263
5600.000000	97.535	178.5604
5700.000000	97.182	179.4677
5800.000000	96.891	-179.2088
5900.000000	96.594	-177.1215
6000.000000	96.389	-175.3705
6080.000000	96.201	-173.7918
6150.000000	96.088	-172.4606
6220.000000	95.961	-170.7465
6300.000000	95.898	-169.2439
6400.000000	95.769	-166.3892
6500.000000	95.703	-164.1095
6600.000000	95.747	-161.6610
6700.000000	95.833	-158.8507
6800.000000	95.987	-156.3672
6900.000000	96.187	-153.9707
7000.000000	96.452	-151.6241
7100.000000	96.801	-149.4512
7200.000000	97.233	-147.4093
7300.000000	97.782	-145.7069
7400.000000	98.427	-144.9327
7500.000000	99.171	-144.5493
7620.000000	100.238	-145.7094
7750.000000	101.455	-149.8790
7880.000000	102.627	-158.4390
8000.000000	103.269	-170.3673
8120.000000	102.982	175.8652
8250.000000	101.753	163.7233
8380.000000	100.079	156.8507
8500.000000	98.570	154.3587
8620.000000	97.219	154.4345
8750.000000	96.036	156.3675
8850.000000	95.306	158.8755
9000.000000	94.590	162.9844
9120.000000	94.097	165.3699
9250.000000	93.835	167.5233
9380.000000	93.583	169.1440
9500.000000	93.313	170.4061
9620.000000	93.011	171.3472
9750.000000	92.708	173.1431
9880.000000	92.394	174.5433
10000.000000	92.223	176.2055
10150.000000	92.015	178.2464
10300.000000	92.021	-179.4838
10440.000000	92.047	-178.2903
10600.000000	92.171	-177.4008
10750.000000	92.370	-177.4029
10900.000000	92.621	-178.9964
11060.000000	92.837	178.2994
11200.000000	92.929	174.1608
11380.000000	92.594	167.4759
11500.000000	92.185	162.9581
11720.000000	90.906	155.8284
11800.000000	90.373	154.2732
12060.000000	88.316	151.0247
12200.000000	87.318	151.6113
12410.000000	85.903	152.7934
12500.000000	85.130	155.6592
12650.000000	84.371	157.5477
12800.000000	83.440	161.2073
13150.000000	81.745	171.0833
13200.000000	81.628	172.1964
13400.000000	81.036	176.0212
13600.000000	80.305	-178.3154
13800.000000	79.920	-170.4642
14000.000000	79.799	-165.0780
14300.000000	79.528	-157.8179
14500.000000	79.606	-150.2668
14750.000000	80.390	-144.0364
15000.000000	80.948	-138.4499
15250.000000	81.931	-136.7432
15500.000000	83.577	-137.6526
15750.000000	85.252	-145.0684
16000.000000	86.220	-164.9416
16250.000000	84.657	176.3244
16500.000000	81.737	168.1698
16750.000000	79.610	169.5753
17000.000000	77.556	174.5306
17250.000000	76.507	-173.5509
17500.000000	76.420	-162.6038
17750.000000	77.090	-155.6845
18000.000000	78.204	-153.4820
18250.000000	80.033	-154.3106
18500.000000	81.395	-155.7651
18750.000000	83.035	-167.9072
19000.000000	84.311	178.3721
19250.000000	85.466	160.3502
19500.000000	86.170	132.4470
19750.000000	84.555	100.9894
