* Measurement data measured by REW V5.31.1
* Source: EXCL: Micrófono (Realtek(R) Audio), MICROPHONE (Volumen general), L, volume: 0,900. Timing signal peak level -15,6 dBFS, measurement signal peak level -15,3 dBFS
* Format: 512k Log Swept Sine, 1 sweep at -12,0 dBFS using an acoustic timing reference
* Dated: 16/11/2025 02:28:11 AM
* REW Settings:
*  C-weighting compensation: Off
*  Target level: 75.0 dB
* Note: Delay -0,0327 ms (-11 mm, -0,44 in) using estimated IR delay relative to Acoustic reference played from HEADPHONE L with no timing offset Clock adjustment: 31,0 ppm
* Measurement: L 1081
* Smoothing: None
* Frequency Step: 1/48 octave
* Start Frequency: 20.000 Hz
*
* Freq(Hz)	SPL(dB)	Phase(degrees)
20.000000	102.292	-150.8909
20.299999	102.306	-151.5281
20.600000	102.317	-152.1096
20.900000	102.330	-152.6373
21.200001	102.347	-153.1357
21.400000	102.362	-153.4713
21.799999	102.393	-154.1686
22.000000	102.407	-154.5313
22.400000	102.428	-155.2612
22.700001	102.437	-155.7806
23.000000	102.446	-156.2552
23.299999	102.457	-156.6933
23.600000	102.473	-157.1169
24.000000	102.500	-157.6955
24.299999	102.521	-158.1525
24.700001	102.546	-158.7781
25.000000	102.563	-159.2404
25.400000	102.586	-159.8386
25.799999	102.612	-160.4424
26.200001	102.637	-161.0874
26.500000	102.650	-161.5948
26.900000	102.656	-162.2603
27.200001	102.653	-162.7086
27.600000	102.648	-163.2056
28.000000	102.653	-163.6150
28.500000	102.679	-164.1299
29.000000	102.712	-164.7603
29.500000	102.730	-165.4673
30.000000	102.731	-166.1228
30.400000	102.730	-166.5723
30.700001	102.733	-166.8840
31.100000	102.741	-167.3108
31.500000	102.749	-167.7766
32.000000	102.750	-168.3926
32.500000	102.737	-168.9697
33.000000	102.724	-169.4581
33.500000	102.720	-169.8994
34.000000	102.726	-170.3872
34.500000	102.730	-170.9604
35.000000	102.721	-171.5571
35.500000	102.704	-172.0829
36.000000	102.695	-172.5352
36.500000	102.696	-173.0053
37.000000	102.695	-173.5422
37.500000	102.681	-174.0545
38.200001	102.665	-174.5395
38.700001	102.687	-174.8475
39.500000	102.734	-175.7853
40.000000	102.717	-176.5173
40.599998	102.651	-177.1230
41.200001	102.603	-177.3600
41.799999	102.596	-177.5852
42.500000	102.592	-178.0846
43.099998	102.567	-178.5290
43.700001	102.542	-178.9011
44.400002	102.523	-179.3800
45.000000	102.500	-179.8463
45.500000	102.477	179.7969
46.200001	102.455	179.3397
46.799999	102.445	178.8924
47.500000	102.424	178.3067
48.200001	102.387	177.8154
48.700001	102.362	177.5661
49.400002	102.343	177.2773
50.000000	102.335	177.0105
50.799999	102.324	176.5612
51.500000	102.289	176.0598
52.200001	102.218	175.7171
53.000000	102.174	175.6379
53.799999	102.180	175.0873
54.500000	102.112	174.3679
55.200001	102.043	174.1690
56.000000	102.071	173.6763
57.000000	101.975	172.7526
58.000000	102.113	173.1310
59.000000	102.279	170.0126
60.000000	101.741	168.9340
60.799999	101.693	171.2857
61.500000	101.896	171.3296
62.200001	101.866	170.4184
63.000000	101.742	170.6534
64.000000	101.762	170.7467
65.000000	101.689	170.2371
66.000000	101.634	169.9226
67.000000	101.564	169.3532
68.000000	101.498	169.0591
69.000000	101.467	168.7882
70.000000	101.443	168.4657
71.000000	101.403	168.1747
72.000000	101.373	167.9165
73.000000	101.318	167.4521
74.000000	101.226	167.1483
75.000000	101.152	167.1435
76.199997	101.157	166.9755
77.500000	101.025	166.6108
78.800003	101.052	167.2535
80.000000	100.905	167.1405
81.199997	100.968	167.7966
82.500000	100.553	167.5759
83.800003	100.931	170.2695
85.000000	100.916	166.7920
86.199997	100.825	167.2263
87.500000	100.794	165.4794
88.500000	100.705	166.0995
90.000000	100.845	166.0456
91.199997	100.865	165.4597
92.500000	100.798	165.0587
93.800003	100.728	164.5625
95.000000	100.677	164.3734
96.199997	100.652	163.5617
97.500000	100.577	163.2487
98.800003	100.549	162.6746
100.000000	100.493	162.8693
101.500000	100.505	162.3719
103.000000	100.401	162.6427
104.400002	100.397	162.2619
106.000000	100.244	162.2350
107.500000	100.204	161.8643
109.000000	100.139	162.4248
110.599998	100.150	161.2091
112.000000	100.051	161.8035
113.800003	99.990	161.4664
115.000000	99.986	161.4837
117.199997	99.999	160.7478
118.000000	99.859	158.7702
120.599998	99.677	161.2067
122.000000	99.675	160.5081
124.099998	99.694	159.9907
125.000000	99.696	160.1410
126.500000	99.671	160.0566
128.000000	99.663	159.5613
131.500000	99.445	159.1400
132.000000	99.416	159.2387
134.000000	99.362	158.8960
136.000000	99.237	159.3871
138.000000	99.245	159.1150
140.000000	99.152	159.0748
143.000000	99.088	158.7944
145.000000	99.036	158.8999
147.500000	98.954	159.0498
150.000000	98.849	159.1639
152.500000	98.778	158.9914
155.000000	98.726	158.8429
157.500000	98.669	158.7897
160.000000	98.617	158.8763
162.500000	98.509	158.8149
165.000000	98.434	158.8179
167.500000	98.376	158.7846
170.000000	98.327	158.7939
172.500000	98.247	158.6665
175.000000	98.167	158.7089
177.500000	98.134	159.0596
180.000000	98.070	158.9405
182.500000	98.003	158.8977
185.000000	97.922	159.0456
187.500000	97.896	159.1699
190.000000	97.821	159.2067
192.500000	97.769	159.3170
195.000000	97.714	159.3938
197.500000	97.668	159.5348
200.000000	97.602	159.5631
203.000000	97.541	159.6540
206.000000	97.475	159.7466
209.000000	97.404	159.9028
212.000000	97.346	159.9866
214.000000	97.325	160.0965
218.000000	97.248	160.2193
220.000000	97.202	160.3220
224.000000	97.134	160.6284
227.000000	97.078	160.7097
230.000000	97.032	160.8565
233.000000	96.966	161.0039
236.000000	96.914	161.2160
240.000000	96.870	161.3792
243.000000	96.794	161.5524
247.000000	96.741	161.9093
250.000000	96.700	161.9194
254.000000	96.626	162.0959
258.000000	96.569	162.4526
262.000000	96.537	162.6941
265.000000	96.482	162.7353
269.000000	96.424	163.0960
272.000000	96.410	163.0939
276.000000	96.337	163.5964
280.000000	96.288	163.6021
285.000000	96.224	164.0663
290.000000	96.180	164.2415
295.000000	96.115	164.7061
300.000000	96.062	164.9053
304.000000	96.008	165.1608
307.000000	95.972	165.3606
311.000000	95.956	165.7790
315.000000	95.909	165.8678
320.000000	95.849	166.2955
325.000000	95.820	166.6519
330.000000	95.752	166.8781
335.000000	95.710	167.3312
340.000000	95.663	167.6399
345.000000	95.609	167.8676
350.000000	95.580	168.2038
355.000000	95.538	168.5150
360.000000	95.488	168.8929
365.000000	95.463	169.1639
370.000000	95.434	169.5228
375.000000	95.371	169.8140
382.000000	95.360	170.2301
387.000000	95.337	170.5769
395.000000	95.264	171.1057
400.000000	95.256	171.4485
406.000000	95.191	172.1257
412.000000	95.177	172.3268
418.000000	95.136	172.6786
425.000000	95.113	172.8743
431.000000	95.088	173.3627
437.000000	95.058	173.7629
444.000000	95.016	174.2142
450.000000	94.996	174.7728
455.000000	94.980	174.9278
462.000000	94.943	175.2318
468.000000	94.930	175.8260
475.000000	94.889	176.2050
482.000000	94.855	176.5896
487.000000	94.844	176.7838
494.000000	94.826	177.3215
500.000000	94.800	177.8307
508.000000	94.793	178.2147
515.000000	94.760	178.5110
522.000000	94.766	178.8465
530.000000	94.750	179.5319
538.000000	94.703	179.9795
545.000000	94.715	-179.7469
552.000000	94.693	-179.4218
560.000000	94.675	-178.7450
570.000000	94.680	-178.1996
580.000000	94.624	-177.7568
590.000000	94.629	-177.1372
600.000000	94.627	-176.4107
608.000000	94.613	-176.1306
615.000000	94.614	-175.5429
622.000000	94.580	-175.2794
630.000000	94.590	-174.8643
640.000000	94.601	-174.2166
650.000000	94.579	-173.9317
660.000000	94.569	-173.1573
670.000000	94.559	-172.7321
680.000000	94.545	-172.0428
690.000000	94.568	-171.6763
700.000000	94.551	-171.0688
710.000000	94.561	-170.5876
720.000000	94.562	-169.8737
730.000000	94.560	-169.3794
740.000000	94.557	-168.8226
750.000000	94.557	-168.2102
762.000000	94.540	-167.4344
775.000000	94.518	-166.2951
788.000000	94.587	-163.8467
800.000000	95.022	-164.7780
812.000000	94.903	-165.2864
825.000000	94.835	-164.8398
838.000000	94.842	-164.1883
850.000000	94.879	-163.4074
862.000000	94.888	-162.9379
875.000000	94.951	-162.3115
885.000000	94.969	-161.9948
900.000000	95.036	-161.5038
912.000000	95.077	-161.0496
925.000000	95.125	-160.6865
938.000000	95.170	-160.3591
950.000000	95.225	-160.0957
962.000000	95.222	-160.1156
975.000000	95.221	-160.2740
988.000000	95.122	-160.0309
1000.000000	95.076	-159.3146
1015.000000	95.017	-158.1838
1030.000000	95.036	-157.0392
1044.000000	95.120	-156.3706
1060.000000	95.178	-155.3354
1075.000000	95.235	-154.6674
1090.000000	95.304	-153.9646
1106.000000	95.365	-153.4119
1120.000000	95.442	-152.8867
1138.000000	95.502	-152.1541
1150.000000	95.565	-151.9230
1172.000000	95.623	-151.1998
1180.000000	95.664	-150.8575
1206.000000	95.786	-150.1166
1220.000000	95.826	-149.7345
1241.000000	95.898	-149.1049
1250.000000	95.947	-148.9513
1265.000000	95.966	-148.4915
1280.000000	96.041	-147.9681
1315.000000	96.138	-147.0390
1320.000000	96.163	-146.8466
1340.000000	96.236	-146.2398
1360.000000	96.281	-145.5996
1380.000000	96.360	-144.9839
1400.000000	96.412	-144.1919
1430.000000	96.520	-143.3195
1450.000000	96.603	-142.4725
1475.000000	96.715	-141.6557
1500.000000	96.820	-140.9594
1525.000000	96.954	-140.0609
1550.000000	97.078	-139.2202
1575.000000	97.196	-138.4364
1600.000000	97.319	-137.4343
1625.000000	97.483	-136.6156
1650.000000	97.610	-135.5624
1675.000000	97.792	-134.6985
1700.000000	97.980	-133.7550
1725.000000	98.200	-132.8633
1750.000000	98.491	-132.2129
1775.000000	98.739	-131.8347
1800.000000	98.973	-131.6971
1825.000000	99.184	-131.5352
1850.000000	99.436	-131.2864
1875.000000	99.674	-131.3405
1900.000000	99.877	-131.3728
1925.000000	100.131	-131.3783
1950.000000	100.347	-131.5291
1975.000000	100.592	-131.7274
2000.000000	100.812	-132.1395
2030.000000	101.071	-132.6434
2060.000000	101.333	-133.3695
2090.000000	101.591	-134.1885
2120.000000	101.833	-135.0987
2140.000000	101.980	-135.8073
2180.000000	102.251	-137.1678
2200.000000	102.381	-138.0170
2240.000000	102.605	-139.7877
2270.000000	102.745	-140.9694
2300.000000	102.864	-142.3270
2330.000000	102.969	-143.6193
2360.000000	103.066	-145.0107
2400.000000	103.163	-146.6848
2430.000000	103.209	-148.0034
2470.000000	103.276	-149.7769
2500.000000	103.292	-151.0229
2540.000000	103.305	-152.7385
2580.000000	103.281	-154.4516
2620.000000	103.201	-155.8749
2650.000000	103.115	-156.8713
2690.000000	102.986	-157.9485
2720.000000	102.893	-158.4543
2760.000000	102.770	-159.0040
2800.000000	102.646	-159.0657
2850.000000	102.568	-158.5662
2900.000000	102.653	-158.1935
2950.000000	102.843	-158.5273
3000.000000	102.995	-159.7510
3040.000000	103.029	-161.0641
3070.000000	103.036	-161.9105
3110.000000	103.006	-163.1279
3150.000000	102.953	-164.2819
3200.000000	102.862	-165.6686
3250.000000	102.720	-166.7964
3300.000000	102.546	-167.4301
3350.000000	102.359	-167.9361
3400.000000	102.172	-167.6253
3450.000000	102.105	-166.9057
3500.000000	102.101	-166.3265
3550.000000	102.193	-166.0694
3600.000000	102.302	-166.2832
3650.000000	102.393	-167.0672
3700.000000	102.446	-168.0154
3750.000000	102.448	-169.2392
3820.000000	102.376	-170.9237
3870.000000	102.277	-171.9076
3950.000000	102.047	-173.0945
4000.000000	101.901	-173.4266
4060.000000	101.769	-173.5632
4120.000000	101.681	-173.6521
4180.000000	101.608	-173.6176
4250.000000	101.602	-173.6830
4310.000000	101.610	-174.1238
4370.000000	101.623	-174.8348
4440.000000	101.632	-176.1735
4500.000000	101.597	-177.3628
4550.000000	101.544	-178.5898
4620.000000	101.398	179.6339
4680.000000	101.230	178.1187
4750.000000	100.988	176.4840
4820.000000	100.656	175.0295
4870.000000	100.429	174.0917
4940.000000	100.035	173.2546
5000.000000	99.684	172.6483
5080.000000	99.186	172.2503
5150.000000	98.635	172.8896
5220.000000	98.497	176.2657
5300.000000	98.270	174.1126
5380.000000	97.765	174.7431
5450.000000	97.417	175.6388
5520.000000	97.071	176.7612
5600.000000	96.716	178.1035
5700.000000	96.294	-179.3603
5800.000000	95.931	-177.0865
5900.000000	95.641	-174.0409
6000.000000	95.391	-171.2077
6080.000000	95.218	-168.5996
6150.000000	95.064	-166.3916
6220.000000	95.037	-164.3441
6300.000000	94.947	-161.6118
6400.000000	94.911	-158.2651
6500.000000	94.948	-154.7837
6600.000000	95.052	-151.6692
6700.000000	95.189	-148.0501
6800.000000	95.410	-144.9865
6900.000000	95.758	-141.6330
7000.000000	96.107	-138.7956
7100.000000	96.548	-136.1625
7200.000000	97.139	-133.7191
7300.000000	97.821	-131.9600
7400.000000	98.559	-131.0047
7500.000000	99.431	-130.6873
7620.000000	100.611	-132.2253
7750.000000	101.952	-137.1126
7880.000000	103.100	-146.3730
8000.000000	103.563	-158.6409
8120.000000	103.163	-171.2077
8250.000000	101.964	178.6756
8380.000000	100.454	172.9117
8500.000000	99.115	171.3233
8620.000000	97.929	171.9175
8750.000000	96.851	174.6577
8850.000000	96.221	177.4499
9000.000000	95.660	-176.6419
9120.000000	95.444	-171.7905
9250.000000	95.628	-166.9851
9380.000000	96.070	-163.8498
9500.000000	96.639	-162.5851
9620.000000	97.178	-162.6539
9750.000000	97.810	-164.1965
9880.000000	98.392	-167.1307
10000.000000	98.953	-170.7023
10150.000000	99.594	-177.4552
10300.000000	100.092	172.5110
10440.000000	100.009	159.8041
10600.000000	98.939	145.1483
10750.000000	97.168	134.9752
10900.000000	95.190	129.4022
11060.000000	93.090	126.5883
11200.000000	91.382	126.8013
11380.000000	89.478	129.2399
11500.000000	88.453	132.3190
11720.000000	86.606	137.5347
11800.000000	85.983	139.1736
12060.000000	84.299	146.7481
12200.000000	83.672	151.4312
12410.000000	82.777	157.9621
12500.000000	82.134	160.5400
12650.000000	81.610	163.8500
12800.000000	81.186	170.5631
13150.000000	80.431	-179.7794
13200.000000	80.546	-178.0060
13400.000000	80.331	-172.5495
13600.000000	80.362	-168.9767
13800.000000	80.451	-164.1136
14000.000000	80.448	-161.6359
14300.000000	80.936	-154.7170
14500.000000	81.239	-156.9347
14750.000000	81.797	-157.9228
15000.000000	81.998	-163.4588
15250.000000	81.897	-169.1907
15500.000000	80.878	-175.8977
15750.000000	79.938	179.8350
16000.000000	78.925	177.9393
16250.000000	77.835	179.6362
16500.000000	77.391	-176.1885
16750.000000	76.997	-173.4546
17000.000000	78.135	-169.7664
17250.000000	79.327	-174.2181
17500.000000	81.399	167.7531
17750.000000	81.115	132.7783
18000.000000	77.668	107.8694
18250.000000	73.051	95.8359
18500.000000	69.200	89.8915
18750.000000	66.420	98.4817
19000.000000	64.501	106.6367
19250.000000	59.818	106.9246
19500.000000	56.164	119.5028
19750.000000	47.282	110.8208
