* Measurement data measured by REW V5.31.1
* Source: EXCL: Micrófono (Realtek(R) Audio), MICROPHONE (Volumen general), L, volume: 0,900. Timing signal peak level -15,6 dBFS, measurement signal peak level -15,1 dBFS
* Format: 512k Log Swept Sine, 1 sweep at -12,0 dBFS using an acoustic timing reference
* Dated: 16/11/2025 02:33:46 AM
* REW Settings:
*  C-weighting compensation: Off
*  Target level: 75.0 dB
* Note: Delay -0,0266 ms (-9,1 mm, -0,36 in) using estimated IR delay relative to Acoustic reference played from HEADPHONE L with no timing offset Clock adjustment: 38,5 ppm
* Measurement: L  SR myellow
* Smoothing: None
* Frequency Step: 1/48 octave
* Start Frequency: 20.000 Hz
*
* Freq(Hz)	SPL(dB)	Phase(degrees)
20.000000	102.295	-151.4547
20.299999	102.316	-152.0600
20.600000	102.336	-152.6360
20.900000	102.357	-153.1875
21.200001	102.380	-153.7245
21.400000	102.396	-154.0805
21.799999	102.430	-154.7942
22.000000	102.446	-155.1535
22.400000	102.477	-155.8754
22.700001	102.499	-156.4147
23.000000	102.518	-156.9487
23.299999	102.536	-157.4768
23.600000	102.552	-157.9988
24.000000	102.570	-158.6829
24.299999	102.580	-159.1819
24.700001	102.591	-159.8185
25.000000	102.597	-160.2695
25.400000	102.606	-160.8369
25.799999	102.618	-161.3799
26.200001	102.633	-161.9198
26.500000	102.644	-162.3319
26.900000	102.659	-162.8934
27.200001	102.667	-163.3196
27.600000	102.676	-163.8869
28.000000	102.682	-164.4466
28.500000	102.686	-165.1311
29.000000	102.685	-165.7875
29.500000	102.682	-166.3946
30.000000	102.682	-166.9464
30.400000	102.689	-167.3744
30.700001	102.697	-167.7103
31.100000	102.709	-168.1992
31.500000	102.716	-168.7280
32.000000	102.711	-169.3846
32.500000	102.696	-169.9580
33.000000	102.686	-170.4439
33.500000	102.685	-170.9199
34.000000	102.685	-171.4436
34.500000	102.677	-171.9767
35.000000	102.664	-172.4611
35.500000	102.659	-172.9227
36.000000	102.655	-173.4408
36.500000	102.641	-174.0042
37.000000	102.612	-174.4875
37.500000	102.593	-174.8352
38.200001	102.610	-175.4006
38.700001	102.620	-176.0759
39.500000	102.546	-177.1509
40.000000	102.483	-177.4047
40.599998	102.468	-177.4406
41.200001	102.511	-177.7621
41.799999	102.531	-178.4345
42.500000	102.496	-179.1023
43.099998	102.476	-179.4207
43.700001	102.480	-179.8043
44.400002	102.470	179.5792
45.000000	102.441	179.1152
45.500000	102.420	178.8009
46.200001	102.401	178.3195
46.799999	102.376	177.8558
47.500000	102.339	177.3995
48.200001	102.316	177.0100
48.700001	102.306	176.6918
49.400002	102.284	176.2087
50.000000	102.258	175.8718
50.799999	102.242	175.4942
51.500000	102.230	175.0652
52.200001	102.200	174.6454
53.000000	102.167	174.2473
53.799999	102.123	173.7290
54.500000	102.058	173.4144
55.200001	102.030	173.2054
56.000000	102.003	172.5396
57.000000	101.904	172.0608
58.000000	101.979	171.1553
59.000000	101.768	168.9656
60.000000	101.500	170.1592
60.799999	101.693	170.6240
61.500000	101.761	169.4828
62.200001	101.672	168.9550
63.000000	101.665	169.0915
64.000000	101.682	168.4839
65.000000	101.609	168.1971
66.000000	101.557	167.9735
67.000000	101.496	167.8954
68.000000	101.481	167.4899
69.000000	101.395	166.8549
70.000000	101.304	166.5633
71.000000	101.242	166.3453
72.000000	101.217	166.0903
73.000000	101.173	165.5847
74.000000	101.100	165.3871
75.000000	101.061	165.1523
76.199997	100.971	164.8775
77.500000	100.893	164.1871
78.800003	100.714	163.9719
80.000000	100.631	163.0253
81.199997	100.494	163.4490
82.500000	100.572	160.4811
83.800003	99.850	161.2188
85.000000	100.079	162.9269
86.199997	99.947	162.4769
87.500000	99.858	162.8658
88.500000	99.641	163.7312
90.000000	99.539	165.4606
91.199997	99.396	167.5993
92.500000	99.514	170.1900
93.800003	99.876	172.4312
95.000000	100.303	171.9408
96.199997	100.514	171.2131
97.500000	100.776	169.3876
98.800003	100.702	167.4471
100.000000	100.676	166.5818
101.500000	100.613	165.3771
103.000000	100.576	164.2866
104.400002	100.517	163.5498
106.000000	100.435	163.0186
107.500000	100.387	162.5950
109.000000	100.331	163.0088
110.599998	100.283	161.7299
112.000000	100.131	161.7079
113.800003	100.078	161.4865
115.000000	100.007	160.8369
117.199997	99.956	160.4152
118.000000	99.969	161.0464
120.599998	99.757	159.2482
122.000000	99.765	159.9864
124.099998	99.636	159.8222
125.000000	99.547	159.7391
126.500000	99.535	159.5684
128.000000	99.440	159.4129
131.500000	99.323	159.2521
132.000000	99.328	159.3428
134.000000	99.244	159.2314
136.000000	99.155	158.7537
138.000000	99.126	158.9673
140.000000	99.043	158.8576
143.000000	98.955	158.9416
145.000000	98.896	158.8704
147.500000	98.799	158.8577
150.000000	98.709	158.5411
152.500000	98.641	158.6551
155.000000	98.582	158.7691
157.500000	98.500	158.9262
160.000000	98.418	158.9542
162.500000	98.368	158.8926
165.000000	98.296	158.8086
167.500000	98.262	158.7665
170.000000	98.183	158.8351
172.500000	98.190	158.5999
175.000000	98.055	158.8884
177.500000	97.988	159.0560
180.000000	97.989	158.6563
182.500000	97.895	158.9802
185.000000	97.827	159.0106
187.500000	97.747	159.0872
190.000000	97.717	159.0708
192.500000	97.638	159.4667
195.000000	97.562	159.4542
197.500000	97.538	159.5081
200.000000	97.527	159.7321
203.000000	97.432	159.6039
206.000000	97.395	159.7413
209.000000	97.339	160.0914
212.000000	97.266	160.1369
214.000000	97.239	159.8809
218.000000	97.225	160.2336
220.000000	97.167	160.1645
224.000000	97.094	160.4449
227.000000	97.030	160.4659
230.000000	96.971	160.6325
233.000000	96.907	160.7565
236.000000	96.849	160.7109
240.000000	96.788	160.9370
243.000000	96.747	161.1170
247.000000	96.652	161.7230
250.000000	96.636	161.5621
254.000000	96.572	161.7619
258.000000	96.492	161.9912
262.000000	96.450	162.0150
265.000000	96.404	162.3772
269.000000	96.339	162.4949
272.000000	96.303	162.8263
276.000000	96.256	163.0089
280.000000	96.204	163.2488
285.000000	96.120	163.5649
290.000000	96.083	163.8333
295.000000	96.016	164.1161
300.000000	95.965	164.3391
304.000000	95.932	164.5958
307.000000	95.897	164.7439
311.000000	95.852	165.2393
315.000000	95.802	165.3784
320.000000	95.742	165.7610
325.000000	95.710	166.1071
330.000000	95.669	166.2705
335.000000	95.614	166.5320
340.000000	95.555	166.8485
345.000000	95.499	167.0521
350.000000	95.479	167.5200
355.000000	95.443	167.8120
360.000000	95.421	168.2542
365.000000	95.387	168.5802
370.000000	95.300	168.8277
375.000000	95.286	168.9880
382.000000	95.234	169.6112
387.000000	95.205	169.9207
395.000000	95.164	170.2530
400.000000	95.135	170.7784
406.000000	95.076	171.0496
412.000000	95.050	171.5848
418.000000	95.031	171.9074
425.000000	94.989	172.3211
431.000000	94.987	172.7039
437.000000	94.955	172.9915
444.000000	94.891	173.4951
450.000000	94.861	173.9003
455.000000	94.858	174.1796
462.000000	94.812	174.4497
468.000000	94.780	174.8785
475.000000	94.766	175.2220
482.000000	94.755	175.6811
487.000000	94.709	175.9808
494.000000	94.719	176.3566
500.000000	94.682	176.7314
508.000000	94.661	177.2210
515.000000	94.647	177.6475
522.000000	94.626	178.0256
530.000000	94.591	178.5048
538.000000	94.574	178.9910
545.000000	94.558	179.3858
552.000000	94.571	179.8433
560.000000	94.525	-179.8679
570.000000	94.496	-179.1885
580.000000	94.497	-178.6164
590.000000	94.465	-178.0412
600.000000	94.446	-177.5916
608.000000	94.427	-176.9653
615.000000	94.442	-176.6696
622.000000	94.423	-176.2506
630.000000	94.430	-175.7790
640.000000	94.385	-175.4507
650.000000	94.405	-174.8694
660.000000	94.414	-174.1380
670.000000	94.380	-173.8021
680.000000	94.415	-173.3024
690.000000	94.346	-172.6400
700.000000	94.390	-172.2533
710.000000	94.376	-171.4181
720.000000	94.415	-170.9456
730.000000	94.381	-170.5038
740.000000	94.374	-169.7079
750.000000	94.369	-169.2488
762.000000	94.348	-168.5770
775.000000	94.278	-167.4615
788.000000	94.444	-164.5535
800.000000	94.830	-166.1490
812.000000	94.678	-166.4922
825.000000	94.638	-165.7750
838.000000	94.644	-165.1724
850.000000	94.686	-164.6338
862.000000	94.700	-163.9284
875.000000	94.716	-163.5143
885.000000	94.771	-163.0027
900.000000	94.810	-162.5518
912.000000	94.857	-162.0622
925.000000	94.914	-161.7092
938.000000	94.959	-161.7012
950.000000	95.021	-161.4946
962.000000	95.001	-161.3827
975.000000	94.909	-161.4731
988.000000	94.853	-161.0201
1000.000000	94.818	-160.2056
1015.000000	94.811	-158.9505
1030.000000	94.842	-157.9540
1044.000000	94.925	-157.1524
1060.000000	94.973	-156.3663
1075.000000	95.055	-155.5442
1090.000000	95.131	-155.0041
1106.000000	95.216	-154.4956
1120.000000	95.259	-153.9356
1138.000000	95.360	-153.3741
1150.000000	95.414	-153.0847
1172.000000	95.498	-152.3363
1180.000000	95.515	-152.1450
1206.000000	95.590	-151.3385
1220.000000	95.635	-151.1022
1241.000000	95.704	-150.3604
1250.000000	95.736	-150.0711
1265.000000	95.798	-149.7651
1280.000000	95.867	-149.1909
1315.000000	95.943	-148.3540
1320.000000	95.956	-148.0900
1340.000000	96.032	-147.3972
1360.000000	96.107	-146.7616
1380.000000	96.207	-146.1771
1400.000000	96.264	-145.5612
1430.000000	96.358	-144.7303
1450.000000	96.456	-143.8607
1475.000000	96.574	-143.0693
1500.000000	96.660	-142.3282
1525.000000	96.789	-141.3509
1550.000000	96.894	-140.6416
1575.000000	97.045	-139.8965
1600.000000	97.199	-139.0680
1625.000000	97.341	-138.2782
1650.000000	97.522	-137.5123
1675.000000	97.683	-136.8506
1700.000000	97.854	-136.0900
1725.000000	98.048	-135.4247
1750.000000	98.247	-134.8552
1775.000000	98.447	-134.4457
1800.000000	98.657	-133.9990
1825.000000	98.879	-133.6120
1850.000000	99.078	-133.1866
1875.000000	99.310	-132.9588
1900.000000	99.543	-132.7544
1925.000000	99.764	-132.6462
1950.000000	100.009	-132.5890
1975.000000	100.255	-132.5206
2000.000000	100.504	-132.7487
2030.000000	100.794	-133.1895
2060.000000	101.086	-133.7131
2090.000000	101.367	-134.3849
2120.000000	101.639	-135.1600
2140.000000	101.804	-135.7627
2180.000000	102.156	-137.0347
2200.000000	102.312	-137.6819
2240.000000	102.623	-139.4482
2270.000000	102.824	-140.7810
2300.000000	103.002	-142.3034
2330.000000	103.156	-143.7829
2360.000000	103.314	-145.4489
2400.000000	103.460	-147.6470
2430.000000	103.547	-149.2642
2470.000000	103.629	-151.6100
2500.000000	103.661	-153.1547
2540.000000	103.685	-155.3124
2580.000000	103.652	-157.3276
2620.000000	103.581	-159.0778
2650.000000	103.530	-160.3574
2690.000000	103.416	-161.6983
2720.000000	103.333	-162.5760
2760.000000	103.239	-163.4542
2800.000000	103.196	-164.1879
2850.000000	103.165	-165.3750
2900.000000	103.099	-166.8965
2950.000000	102.984	-168.3290
3000.000000	102.828	-169.3762
3040.000000	102.708	-170.0348
3070.000000	102.626	-170.5153
3110.000000	102.518	-170.8634
3150.000000	102.406	-171.2479
3200.000000	102.287	-171.5898
3250.000000	102.186	-171.6944
3300.000000	102.124	-171.8490
3350.000000	102.057	-171.7961
3400.000000	102.063	-171.9724
3450.000000	102.052	-172.2610
3500.000000	102.051	-172.7447
3550.000000	102.044	-173.3903
3600.000000	102.026	-173.9640
3650.000000	102.020	-174.6537
3700.000000	102.019	-175.5817
3750.000000	101.984	-176.7894
3820.000000	101.795	-178.6135
3870.000000	101.626	-179.6088
3950.000000	101.269	179.6609
4000.000000	101.060	179.6708
4060.000000	100.832	-179.9407
4120.000000	100.675	-179.4508
4180.000000	100.579	-178.7999
4250.000000	100.518	-177.9931
4310.000000	100.530	-177.5758
4370.000000	100.537	-177.4290
4440.000000	100.592	-177.4858
4500.000000	100.620	-177.8731
4550.000000	100.654	-178.3420
4620.000000	100.663	-179.1654
4680.000000	100.667	179.9077
4750.000000	100.607	178.5957
4820.000000	100.517	177.0974
4870.000000	100.404	176.2593
4940.000000	100.222	174.7193
5000.000000	100.036	173.4843
5080.000000	99.662	172.3552
5150.000000	99.190	171.9651
5220.000000	99.233	174.4042
5300.000000	99.002	171.5583
5380.000000	98.603	171.1096
5450.000000	98.272	170.9456
5520.000000	97.964	171.0267
5600.000000	97.562	171.5614
5700.000000	97.117	172.6042
5800.000000	96.690	174.0609
5900.000000	96.328	175.8729
6000.000000	96.001	177.9062
6080.000000	95.734	179.7471
6150.000000	95.536	-178.4557
6220.000000	95.441	-176.4606
6300.000000	95.280	-174.4286
6400.000000	95.182	-171.4319
6500.000000	95.107	-168.5974
6600.000000	95.113	-165.9185
6700.000000	95.182	-162.7435
6800.000000	95.272	-159.7448
6900.000000	95.484	-156.9647
7000.000000	95.760	-154.4958
7100.000000	96.102	-151.9028
7200.000000	96.523	-149.2891
7300.000000	97.099	-147.5737
7400.000000	97.717	-146.2231
7500.000000	98.462	-145.3839
7620.000000	99.534	-146.0483
7750.000000	100.928	-149.1402
7880.000000	102.301	-156.9071
8000.000000	103.267	-169.2922
8120.000000	103.285	174.8427
8250.000000	102.042	159.6894
8380.000000	100.103	150.4530
8500.000000	98.294	146.8835
8620.000000	96.643	146.6844
8750.000000	95.100	149.1234
8850.000000	94.101	151.9020
9000.000000	92.980	157.6401
9120.000000	92.374	163.0911
9250.000000	92.009	168.3514
9380.000000	92.023	173.2153
9500.000000	92.066	175.9566
9620.000000	92.134	177.4855
9750.000000	92.242	177.8260
9880.000000	92.157	178.0703
10000.000000	92.062	178.9250
10150.000000	91.958	179.5876
10300.000000	91.718	-179.5332
10440.000000	91.758	-178.9227
10600.000000	91.807	-178.9281
10750.000000	91.930	-179.1038
10900.000000	92.011	179.4477
11060.000000	92.054	176.2909
11200.000000	92.024	172.6527
11380.000000	91.659	167.3731
11500.000000	91.263	163.5148
11720.000000	90.047	157.4874
11800.000000	89.512	156.7291
12060.000000	87.709	154.8369
12200.000000	86.628	154.7292
12410.000000	85.368	156.5095
12500.000000	84.885	157.5167
12650.000000	83.940	159.9902
12800.000000	83.241	163.8803
13150.000000	81.545	170.6556
13200.000000	81.363	172.8345
13400.000000	80.695	178.1118
13600.000000	80.224	-177.3864
13800.000000	79.575	-172.3854
14000.000000	79.103	-165.2795
14300.000000	79.062	-158.2730
14500.000000	79.115	-152.5189
14750.000000	79.766	-146.3099
15000.000000	80.091	-141.3677
15250.000000	81.015	-136.7296
15500.000000	82.495	-136.5920
15750.000000	84.266	-141.4284
16000.000000	85.965	-156.6107
16250.000000	85.686	179.5674
16500.000000	83.192	162.5108
16750.000000	80.189	157.2727
17000.000000	78.311	160.7746
17250.000000	76.646	165.4248
17500.000000	75.768	167.8939
17750.000000	75.546	165.4789
18000.000000	73.953	167.0666
18250.000000	74.540	168.0612
18500.000000	73.594	170.0849
18750.000000	73.809	166.6641
19000.000000	73.864	170.5794
19250.000000	75.234	154.7692
19500.000000	74.385	135.1605
19750.000000	68.598	107.6469
