* Measurement data measured by REW V5.31.1
* Source: EXCL: Micrófono (Realtek(R) Audio), MICROPHONE (Volumen general), L, volume: 0,900. Timing signal peak level -15,0 dBFS, measurement signal peak level -15,1 dBFS
* Format: 512k Log Swept Sine, 1 sweep at -12,0 dBFS using an acoustic timing reference
* Dated: 16/11/2025 02:24:44 AM
* REW Settings:
*  C-weighting compensation: Off
*  Target level: 75.0 dB
* Note: Delay -0,0304 ms (-10 mm, -0,41 in) using estimated IR delay relative to Acoustic reference played from HEADPHONE R with no timing offset Clock adjustment: 19,1 ppm
* Measurement: R SR sblue
* Smoothing: None
* Frequency Step: 1/48 octave
* Start Frequency: 20.000 Hz
*
* Freq(Hz)	SPL(dB)	Phase(degrees)
20.000000	102.501	-152.9034
20.299999	102.517	-153.5375
20.600000	102.532	-154.1401
20.900000	102.545	-154.7112
21.200001	102.561	-155.2593
21.400000	102.572	-155.6199
21.799999	102.595	-156.3404
22.000000	102.607	-156.7035
22.400000	102.627	-157.4324
22.700001	102.640	-157.9720
23.000000	102.651	-158.4974
23.299999	102.662	-159.0096
23.600000	102.673	-159.5161
24.000000	102.688	-160.1962
24.299999	102.696	-160.7142
24.700001	102.702	-161.4023
25.000000	102.702	-161.8955
25.400000	102.698	-162.4949
25.799999	102.696	-163.0204
26.200001	102.703	-163.5034
26.500000	102.714	-163.8708
26.900000	102.733	-164.4007
27.200001	102.746	-164.8326
27.600000	102.756	-165.4328
28.000000	102.757	-166.0152
28.500000	102.752	-166.6708
29.000000	102.751	-167.2702
29.500000	102.753	-167.8809
30.000000	102.750	-168.5171
30.400000	102.740	-169.0019
30.700001	102.731	-169.3315
31.100000	102.725	-169.7380
31.500000	102.726	-170.1534
32.000000	102.729	-170.7481
32.500000	102.720	-171.3928
33.000000	102.699	-171.9730
33.500000	102.684	-172.4647
34.000000	102.681	-172.9749
34.500000	102.674	-173.5603
35.000000	102.652	-174.1130
35.500000	102.634	-174.5311
36.000000	102.643	-174.9516
36.500000	102.662	-175.6129
37.000000	102.640	-176.4845
37.500000	102.557	-177.2005
38.200001	102.437	-177.4287
38.700001	102.429	-177.3406
39.500000	102.494	-177.8860
40.000000	102.498	-178.5603
40.599998	102.458	-179.2166
41.200001	102.429	-179.6114
41.799999	102.427	179.9842
42.500000	102.421	179.3735
43.099998	102.397	178.9031
43.700001	102.371	178.5578
44.400002	102.349	178.2200
45.000000	102.333	177.8992
45.500000	102.313	177.5895
46.200001	102.267	177.1362
46.799999	102.216	176.8055
47.500000	102.170	176.4010
48.200001	102.120	175.7509
48.700001	102.056	175.2567
49.400002	101.967	174.8917
50.000000	101.958	174.6060
50.799999	101.950	173.5449
51.500000	101.844	172.8268
52.200001	101.792	172.7971
53.000000	101.778	172.1783
53.799999	101.569	172.1001
54.500000	101.510	173.3326
55.200001	101.558	173.2294
56.000000	101.243	172.9041
57.000000	101.067	175.1727
58.000000	100.565	173.2083
59.000000	99.569	-177.3749
60.000000	101.392	-172.5123
60.799999	101.982	-179.7422
61.500000	101.686	176.5457
62.200001	101.588	175.9708
63.000000	101.693	174.4521
64.000000	101.689	173.4011
65.000000	101.904	172.3697
66.000000	101.854	170.8599
67.000000	101.797	170.9926
68.000000	101.791	170.7974
69.000000	101.776	170.4546
70.000000	101.680	169.5178
71.000000	101.530	169.6694
72.000000	101.633	169.4120
73.000000	101.564	167.8653
74.000000	101.431	167.8838
75.000000	101.462	167.4642
76.199997	101.335	166.8703
77.500000	101.290	166.7200
78.800003	101.224	166.0089
80.000000	101.115	165.8178
81.199997	101.116	165.6377
82.500000	101.071	165.7466
83.800003	101.149	164.8271
85.000000	100.909	164.3922
86.199997	100.861	164.9125
87.500000	100.807	164.4825
88.500000	100.747	164.1647
90.000000	100.673	163.8544
91.199997	100.634	163.6932
92.500000	100.629	163.6044
93.800003	100.584	163.2618
95.000000	100.520	163.3660
96.199997	100.519	163.2299
97.500000	100.450	162.7397
98.800003	100.383	162.6270
100.000000	100.368	162.4305
101.500000	100.307	162.0580
103.000000	100.290	161.8675
104.400002	100.236	161.6721
106.000000	100.194	160.9807
107.500000	100.076	161.1711
109.000000	100.066	161.1092
110.599998	99.993	160.9447
112.000000	99.958	160.9746
113.800003	99.851	160.7816
115.000000	99.836	160.6771
117.199997	99.740	160.4505
118.000000	99.767	160.0956
120.599998	99.549	160.0597
122.000000	99.542	159.8980
124.099998	99.449	160.0725
125.000000	99.425	160.2186
126.500000	99.366	160.0259
128.000000	99.346	160.0629
131.500000	99.192	159.4462
132.000000	99.154	159.4769
134.000000	99.105	160.0637
136.000000	99.041	159.9836
138.000000	99.034	159.9395
140.000000	99.021	159.7980
143.000000	98.977	159.9601
145.000000	98.896	159.6724
147.500000	98.821	159.3900
150.000000	98.762	159.3069
152.500000	98.636	159.4411
155.000000	98.581	159.1240
157.500000	98.551	159.3898
160.000000	98.458	159.1851
162.500000	98.400	159.3174
165.000000	98.323	159.2533
167.500000	98.274	159.1935
170.000000	98.202	159.2661
172.500000	98.104	159.0067
175.000000	98.072	159.2379
177.500000	98.016	159.3050
180.000000	97.982	159.5538
182.500000	97.890	159.5825
185.000000	97.839	159.7566
187.500000	97.755	159.5843
190.000000	97.727	159.7920
192.500000	97.671	159.8357
195.000000	97.618	160.0718
197.500000	97.557	160.0958
200.000000	97.502	160.2602
203.000000	97.438	160.3678
206.000000	97.391	160.4764
209.000000	97.310	160.3907
212.000000	97.272	160.5613
214.000000	97.274	160.6440
218.000000	97.162	161.0589
220.000000	97.129	161.0308
224.000000	97.055	161.1357
227.000000	97.009	161.3853
230.000000	96.927	161.5090
233.000000	96.887	161.7397
236.000000	96.866	161.9619
240.000000	96.785	162.1360
243.000000	96.758	162.1651
247.000000	96.691	162.4485
250.000000	96.648	162.7618
254.000000	96.577	162.9992
258.000000	96.512	163.2606
262.000000	96.487	163.5491
265.000000	96.439	163.7070
269.000000	96.386	163.9563
272.000000	96.343	164.0420
276.000000	96.289	164.3875
280.000000	96.247	164.5993
285.000000	96.190	164.8478
290.000000	96.130	165.3392
295.000000	96.083	165.6440
300.000000	96.020	165.8604
304.000000	95.999	166.2320
307.000000	95.951	166.4080
311.000000	95.903	166.6809
315.000000	95.882	166.9623
320.000000	95.824	167.2221
325.000000	95.789	167.5735
330.000000	95.762	167.8339
335.000000	95.716	168.2240
340.000000	95.655	168.5942
345.000000	95.613	168.9279
350.000000	95.590	169.2023
355.000000	95.571	169.5639
360.000000	95.500	169.9733
365.000000	95.486	170.1042
370.000000	95.448	170.5111
375.000000	95.409	170.8427
382.000000	95.361	171.2740
387.000000	95.344	171.6997
395.000000	95.278	172.0749
400.000000	95.287	172.3238
406.000000	95.246	172.8171
412.000000	95.212	173.3165
418.000000	95.186	173.7729
425.000000	95.144	173.9918
431.000000	95.120	174.4860
437.000000	95.105	174.8131
444.000000	95.084	175.1459
450.000000	95.043	175.5942
455.000000	95.047	175.9014
462.000000	95.033	176.4004
468.000000	95.014	176.8521
475.000000	94.952	177.1765
482.000000	94.980	177.6043
487.000000	94.939	177.9236
494.000000	94.925	178.3402
500.000000	94.911	178.7114
508.000000	94.899	179.1614
515.000000	94.875	179.6425
522.000000	94.864	-179.7117
530.000000	94.835	-179.4010
538.000000	94.854	-178.9035
545.000000	94.834	-178.4829
552.000000	94.834	-178.2712
560.000000	94.801	-177.9205
570.000000	94.830	-177.1585
580.000000	94.801	-176.6699
590.000000	94.802	-176.0674
600.000000	94.790	-175.6580
608.000000	94.797	-175.0851
615.000000	94.785	-174.7611
622.000000	94.789	-174.2724
630.000000	94.769	-173.9290
640.000000	94.774	-173.4905
650.000000	94.776	-172.8593
660.000000	94.800	-172.4494
670.000000	94.812	-171.9129
680.000000	94.828	-171.1898
690.000000	94.832	-170.7505
700.000000	94.854	-170.3127
710.000000	94.879	-169.8591
720.000000	94.866	-169.3824
730.000000	94.908	-169.0101
740.000000	94.943	-168.5316
750.000000	94.957	-167.9902
762.000000	94.981	-167.7856
775.000000	95.032	-167.1704
788.000000	95.038	-167.0874
800.000000	95.092	-166.8814
812.000000	95.058	-166.8380
825.000000	94.984	-166.6947
838.000000	94.851	-166.1950
850.000000	94.792	-164.9511
862.000000	94.766	-163.8223
875.000000	94.804	-162.7134
885.000000	94.838	-162.0144
900.000000	94.899	-160.9435
912.000000	94.982	-160.0953
925.000000	95.064	-159.5645
938.000000	95.124	-158.8681
950.000000	95.189	-158.2425
962.000000	95.258	-157.9244
975.000000	95.341	-157.2959
988.000000	95.392	-156.6043
1000.000000	95.460	-156.2445
1015.000000	95.517	-155.9385
1030.000000	95.564	-155.4598
1044.000000	95.647	-154.9876
1060.000000	95.715	-154.6702
1075.000000	95.811	-154.2856
1090.000000	95.868	-153.7505
1106.000000	95.926	-153.4413
1120.000000	95.986	-153.1493
1138.000000	96.056	-152.7457
1150.000000	96.081	-152.6740
1172.000000	96.139	-152.0168
1180.000000	96.194	-151.7622
1206.000000	96.290	-150.9395
1220.000000	96.327	-150.6834
1241.000000	96.468	-150.2066
1250.000000	96.518	-150.1503
1265.000000	96.574	-149.8775
1280.000000	96.642	-149.5755
1315.000000	96.726	-149.2432
1320.000000	96.754	-148.9630
1340.000000	96.814	-148.8238
1360.000000	96.872	-148.4769
1380.000000	96.911	-148.0888
1400.000000	96.964	-147.5988
1430.000000	97.063	-146.9568
1450.000000	97.127	-146.6138
1475.000000	97.199	-146.1238
1500.000000	97.250	-145.4457
1525.000000	97.318	-144.7950
1550.000000	97.392	-144.1276
1575.000000	97.479	-143.3511
1600.000000	97.565	-142.5497
1625.000000	97.695	-141.7449
1650.000000	97.834	-140.8270
1675.000000	97.989	-140.0933
1700.000000	98.187	-139.5935
1725.000000	98.333	-139.1585
1750.000000	98.495	-138.6898
1775.000000	98.660	-138.3196
1800.000000	98.800	-138.0653
1825.000000	98.982	-137.5532
1850.000000	99.162	-137.2701
1875.000000	99.331	-137.0391
1900.000000	99.525	-136.8696
1925.000000	99.694	-136.7502
1950.000000	99.904	-136.5993
1975.000000	100.083	-136.6393
2000.000000	100.280	-136.7170
2030.000000	100.534	-136.8159
2060.000000	100.789	-137.1218
2090.000000	101.035	-137.5611
2120.000000	101.256	-138.2693
2140.000000	101.411	-138.7616
2180.000000	101.654	-139.9433
2200.000000	101.775	-140.6199
2240.000000	101.990	-141.7811
2270.000000	102.129	-142.7839
2300.000000	102.263	-143.6097
2330.000000	102.405	-144.6529
2360.000000	102.535	-145.6633
2400.000000	102.697	-147.2421
2430.000000	102.793	-148.4787
2470.000000	102.885	-150.2374
2500.000000	102.908	-151.6521
2540.000000	102.912	-153.2090
2580.000000	102.872	-154.5998
2620.000000	102.799	-155.8561
2650.000000	102.750	-156.5823
2690.000000	102.667	-157.1957
2720.000000	102.595	-157.2397
2760.000000	102.613	-157.3118
2800.000000	102.698	-157.1661
2850.000000	102.885	-158.0346
2900.000000	102.987	-159.7508
2950.000000	102.989	-161.2762
3000.000000	102.951	-162.6492
3040.000000	102.937	-163.6010
3070.000000	102.924	-164.3868
3110.000000	102.871	-165.6531
3150.000000	102.776	-166.7956
3200.000000	102.591	-168.0426
3250.000000	102.356	-168.4322
3300.000000	102.189	-167.9923
3350.000000	102.106	-167.2982
3400.000000	102.146	-166.7307
3450.000000	102.253	-166.5177
3500.000000	102.401	-166.9071
3550.000000	102.532	-167.6324
3600.000000	102.666	-168.9567
3650.000000	102.745	-170.5566
3700.000000	102.754	-172.5569
3750.000000	102.704	-174.6710
3820.000000	102.485	-177.6388
3870.000000	102.213	-179.2888
3950.000000	101.666	178.8872
4000.000000	101.330	178.7148
4060.000000	100.941	179.1843
4120.000000	100.659	-179.8399
4180.000000	100.478	-178.6594
4250.000000	100.375	-177.3563
4310.000000	100.321	-176.6444
4370.000000	100.347	-176.1156
4440.000000	100.380	-176.0467
4500.000000	100.409	-176.2650
4550.000000	100.410	-176.6003
4620.000000	100.391	-177.5669
4680.000000	100.322	-178.4527
4750.000000	100.197	-179.5854
4820.000000	100.028	179.2497
4870.000000	99.868	178.5995
4940.000000	99.638	177.7948
5000.000000	99.375	177.3143
5080.000000	99.059	176.8322
5150.000000	98.742	176.7922
5220.000000	98.439	176.7424
5300.000000	98.093	177.3860
5380.000000	97.736	178.0512
5450.000000	97.438	178.4771
5520.000000	97.108	179.5182
5600.000000	96.829	-179.0804
5700.000000	96.504	-177.0259
5800.000000	96.164	-175.0172
5900.000000	95.891	-172.7951
6000.000000	95.678	-169.7957
6080.000000	95.498	-167.5146
6150.000000	95.375	-165.7414
6220.000000	95.334	-163.5185
6300.000000	95.259	-161.3530
6400.000000	95.211	-157.9671
6500.000000	95.271	-154.9266
6600.000000	95.303	-151.8020
6700.000000	95.487	-148.5146
6800.000000	95.737	-145.4883
6900.000000	96.019	-142.7699
7000.000000	96.382	-139.9323
7100.000000	96.850	-137.1332
7200.000000	97.351	-135.4670
7300.000000	97.986	-133.5179
7400.000000	98.710	-132.5035
7500.000000	99.513	-132.3215
7620.000000	100.613	-133.6553
7750.000000	101.849	-137.6558
7880.000000	102.954	-145.6399
8000.000000	103.536	-156.3158
8120.000000	103.373	-167.8906
8250.000000	102.420	-178.2897
8380.000000	101.115	175.8455
8500.000000	99.914	173.6216
8620.000000	98.898	173.9588
8750.000000	98.069	175.9950
8850.000000	97.549	178.1562
9000.000000	97.201	-178.6800
9120.000000	97.150	-176.5125
9250.000000	97.169	-174.6950
9380.000000	97.280	-174.2659
9500.000000	97.368	-174.0526
9620.000000	97.517	-174.3180
9750.000000	97.736	-174.3747
9880.000000	98.019	-175.4855
10000.000000	98.460	-177.1385
10150.000000	99.073	178.6628
10300.000000	99.665	171.2437
10440.000000	99.904	160.8763
10600.000000	99.371	146.4634
10750.000000	97.997	134.4984
10900.000000	96.096	126.6387
11060.000000	94.030	122.2003
11200.000000	92.327	121.6055
11380.000000	90.316	122.5259
11500.000000	89.014	124.5181
11720.000000	87.127	130.1448
11800.000000	86.558	130.9220
12060.000000	84.616	138.9182
12200.000000	83.839	142.9826
12410.000000	82.950	149.9802
12500.000000	82.414	151.6806
12650.000000	81.750	157.5407
12800.000000	81.232	162.1422
13150.000000	80.377	173.1655
13200.000000	80.261	175.4211
13400.000000	80.136	-179.2243
13600.000000	79.912	-173.4990
13800.000000	79.699	-170.3161
14000.000000	80.044	-164.5204
14300.000000	80.517	-158.8961
14500.000000	80.967	-158.1470
14750.000000	81.735	-159.6974
15000.000000	82.041	-162.7013
15250.000000	81.887	-168.8392
15500.000000	81.434	-174.1382
15750.000000	80.272	179.4302
16000.000000	79.247	-179.0279
16250.000000	78.058	-178.4826
16500.000000	76.969	-172.6720
16750.000000	77.430	-168.6805
17000.000000	77.799	-163.8143
17250.000000	79.260	-162.7430
17500.000000	81.233	-174.5595
17750.000000	81.849	163.4201
18000.000000	79.891	144.5947
18250.000000	78.148	134.5361
18500.000000	76.032	129.1168
18750.000000	74.329	122.7178
19000.000000	73.116	113.4888
19250.000000	71.464	104.6567
19500.000000	69.424	103.3932
19750.000000	68.177	98.6334
