* Measurement data measured by REW V5.31.3
* Source: EXCL: Microphone (High Definition Audio Device), MICROPHONE (Volumen general), L, volume: 0,900. Timing signal peak level -29,3 dBFS, measurement signal peak level -25,0 dBFS
* Format: 256k Log Swept Sine, 1 sweep at -12,0 dBFS using an acoustic timing reference
* Dated: 15/03/2026 02:41:35 AM
* REW Settings:
*  C-weighting compensation: Off
*  Target level: 75.0 dB
* Note: Delay -0,0267 ms (-9,1 mm, -0,36 in) using estimated IR delay relative to Acoustic reference played from HEADPHONE R with no timing offset Clock adjustment: 18,9 ppm
* Measurement: R mar 15
* Smoothing: None
* Frequency Step: 1/48 octave
* Start Frequency: 20.000 Hz
*
* Freq(Hz)	SPL(dB)	Phase(degrees)
20.000000	100.728	-152.1862
20.299999	100.749	-152.8848
20.600000	100.769	-153.5278
20.900000	100.793	-154.1410
21.200001	100.821	-154.7651
21.400000	100.839	-155.2027
21.799999	100.867	-156.1212
22.000000	100.876	-156.5885
22.400000	100.879	-157.4906
22.700001	100.875	-158.1075
23.000000	100.872	-158.6705
23.299999	100.873	-159.2114
23.600000	100.878	-159.7631
24.000000	100.883	-160.5437
24.299999	100.879	-161.1433
24.700001	100.860	-161.8871
25.000000	100.843	-162.3514
25.400000	100.833	-162.8376
25.799999	100.851	-163.2776
26.200001	100.897	-163.8405
26.500000	100.935	-164.4057
26.900000	100.969	-165.3244
27.200001	100.975	-166.0527
27.600000	100.957	-166.9424
28.000000	100.929	-167.6505
28.500000	100.913	-168.3456
29.000000	100.923	-169.0501
29.500000	100.935	-169.8586
30.000000	100.935	-170.6645
30.400000	100.935	-171.2475
30.700001	100.941	-171.6733
31.100000	100.952	-172.2961
31.500000	100.955	-173.0011
32.000000	100.928	-173.8734
32.500000	100.879	-174.5179
33.000000	100.850	-174.9272
33.500000	100.856	-175.3720
34.000000	100.860	-176.0432
34.500000	100.823	-176.7456
35.000000	100.762	-177.1597
35.500000	100.738	-177.2952
36.000000	100.772	-177.5594
36.500000	100.814	-178.2464
37.000000	100.804	-179.1799
37.500000	100.740	-179.9546
38.200001	100.655	179.4721
38.700001	100.637	179.1169
39.500000	100.615	178.2166
40.000000	100.579	177.6483
40.599998	100.537	177.1052
41.200001	100.511	176.5754
41.799999	100.484	175.9900
42.500000	100.442	175.3716
43.099998	100.412	174.9290
43.700001	100.392	174.4731
44.400002	100.370	173.8707
45.000000	100.343	173.2843
45.500000	100.304	172.7707
46.200001	100.220	172.2091
46.799999	100.156	172.0184
47.500000	100.141	171.8195
48.200001	100.141	171.2215
48.700001	100.108	170.6907
49.400002	100.037	170.2133
50.000000	100.005	169.9706
50.799999	99.989	169.4617
51.500000	99.966	168.9437
52.200001	99.953	168.3777
53.000000	99.910	167.4670
53.799999	99.797	166.8406
54.500000	99.733	166.7296
55.200001	99.718	166.4661
56.000000	99.675	165.9478
57.000000	99.611	165.5746
58.000000	99.574	165.0736
59.000000	99.500	164.5249
60.000000	99.439	164.1102
60.799999	99.391	163.5266
61.500000	99.305	163.0486
62.200001	99.235	162.8528
63.000000	99.195	162.3525
64.000000	99.048	161.9224
65.000000	99.099	162.0929
66.000000	99.073	160.5630
67.000000	98.982	160.8750
68.000000	99.108	158.7654
69.000000	98.499	157.7403
70.000000	98.535	161.2464
71.000000	98.714	159.1189
72.000000	98.366	160.0220
73.000000	98.747	160.6338
74.000000	98.659	157.5790
75.000000	98.377	158.6527
76.199997	98.667	158.0978
77.500000	98.202	156.2703
78.800003	98.249	158.8467
80.000000	98.126	156.5125
81.199997	98.048	157.7957
82.500000	97.646	153.0115
83.800003	97.111	159.0721
85.000000	97.609	157.1157
86.199997	97.473	157.6134
87.500000	97.745	155.5251
88.500000	97.558	154.6923
90.000000	97.421	155.9285
91.199997	97.538	155.4601
92.500000	97.157	157.7261
93.800003	97.741	157.2031
95.000000	97.187	154.8034
96.199997	97.072	156.7697
97.500000	97.195	156.9272
98.800003	97.225	155.6567
100.000000	97.345	157.4446
101.500000	97.279	157.7786
103.000000	98.339	160.3768
104.400002	97.535	155.0048
106.000000	97.635	158.0396
107.500000	96.853	155.7276
109.000000	96.762	154.8239
110.599998	96.430	154.3809
112.000000	96.623	152.7802
113.800003	96.182	154.6715
115.000000	96.676	154.6981
117.199997	96.771	155.6153
118.000000	96.861	153.1891
120.599998	96.253	151.0262
122.000000	96.247	153.9381
124.099998	96.302	153.3160
125.000000	96.262	153.3553
126.500000	96.096	152.8011
128.000000	96.004	154.3227
131.500000	95.959	152.1137
132.000000	95.880	152.2713
134.000000	95.846	152.7247
136.000000	95.747	152.4758
138.000000	95.772	153.1842
140.000000	95.636	153.0630
143.000000	95.439	152.3004
145.000000	95.311	152.9012
147.500000	95.291	152.8208
150.000000	95.161	152.2681
152.500000	95.029	152.5681
155.000000	94.916	152.3461
157.500000	94.846	152.2280
160.000000	94.844	152.3592
162.500000	94.806	153.1011
165.000000	94.723	153.1870
167.500000	94.599	153.3492
170.000000	94.508	152.9348
172.500000	94.460	152.3902
175.000000	94.384	153.4769
177.500000	94.356	153.2959
180.000000	94.246	154.0066
182.500000	94.252	154.0538
185.000000	94.133	154.5217
187.500000	94.091	153.9504
190.000000	94.092	154.9167
192.500000	93.973	154.4648
195.000000	93.973	154.5060
197.500000	93.855	154.9537
200.000000	93.690	154.5811
203.000000	93.668	154.9540
206.000000	93.608	154.7854
209.000000	93.636	155.0421
212.000000	93.500	155.5459
214.000000	93.413	155.1498
218.000000	93.366	155.3737
220.000000	93.410	156.0986
224.000000	93.226	156.6379
227.000000	93.192	156.8010
230.000000	93.144	157.5079
233.000000	93.099	156.5554
236.000000	93.030	156.7303
240.000000	92.939	157.5864
243.000000	92.896	157.5820
247.000000	92.836	157.8345
250.000000	92.792	158.4624
254.000000	92.721	158.1815
258.000000	92.657	158.7898
262.000000	92.585	158.9076
265.000000	92.495	158.7278
269.000000	92.479	159.3005
272.000000	92.384	159.8712
276.000000	92.385	160.2950
280.000000	92.268	160.1820
285.000000	92.339	160.0944
290.000000	92.264	161.3062
295.000000	92.078	161.0115
300.000000	92.064	161.9918
304.000000	92.037	162.2225
307.000000	92.079	162.0905
311.000000	91.982	162.1928
315.000000	91.946	162.6834
320.000000	91.878	163.6267
325.000000	91.792	163.5705
330.000000	91.795	163.9265
335.000000	91.744	164.9351
340.000000	91.674	165.4034
345.000000	91.598	164.8819
350.000000	91.547	165.6123
355.000000	91.521	165.5409
360.000000	91.417	166.5250
365.000000	91.315	166.8225
370.000000	91.362	166.7759
375.000000	91.365	167.3318
382.000000	91.153	167.2018
387.000000	91.240	168.5724
395.000000	91.277	168.9239
400.000000	91.173	169.7624
406.000000	91.033	169.6909
412.000000	90.984	170.3841
418.000000	91.058	170.5837
425.000000	90.986	171.7674
431.000000	90.935	171.9205
437.000000	90.864	171.9177
444.000000	90.851	173.2364
450.000000	90.823	172.9912
455.000000	90.861	173.0976
462.000000	90.779	174.2758
468.000000	90.775	173.4141
475.000000	90.643	174.9652
482.000000	90.737	174.9783
487.000000	90.678	176.1276
494.000000	90.602	177.0596
500.000000	90.625	176.2463
508.000000	90.562	177.3594
515.000000	90.644	178.3507
522.000000	90.542	178.5262
530.000000	90.553	178.4670
538.000000	90.512	179.5139
545.000000	90.546	-179.8564
552.000000	90.486	-179.2298
560.000000	90.429	-178.9985
570.000000	90.393	-177.9219
580.000000	90.438	-177.7642
590.000000	90.389	-176.9587
600.000000	90.427	-175.9679
608.000000	90.311	-175.8331
615.000000	90.496	-175.0837
622.000000	90.295	-174.8587
630.000000	90.392	-174.0180
640.000000	90.231	-173.2383
650.000000	90.283	-172.9993
660.000000	90.327	-171.9727
670.000000	90.286	-171.0208
680.000000	90.349	-170.5973
690.000000	90.391	-170.2267
700.000000	90.372	-169.4366
710.000000	90.308	-168.7192
720.000000	90.434	-167.8285
730.000000	90.339	-167.0443
740.000000	90.349	-166.1490
750.000000	90.481	-165.7718
762.000000	90.517	-165.0658
775.000000	90.510	-163.5682
788.000000	90.575	-162.7973
800.000000	90.448	-161.8744
812.000000	90.608	-161.6514
825.000000	90.720	-160.6073
838.000000	90.737	-160.5563
850.000000	90.730	-159.2677
862.000000	90.801	-158.0258
875.000000	90.889	-157.4796
885.000000	90.801	-156.9193
900.000000	90.950	-156.2379
912.000000	91.061	-155.3238
925.000000	91.160	-154.3027
938.000000	91.199	-153.8811
950.000000	91.272	-153.4010
962.000000	91.461	-152.5957
975.000000	91.394	-152.1308
988.000000	91.473	-151.4898
1000.000000	91.611	-151.3000
1015.000000	91.570	-149.9464
1030.000000	91.730	-149.4823
1044.000000	91.836	-149.2360
1060.000000	91.954	-148.4570
1075.000000	92.100	-147.9111
1090.000000	92.230	-147.4467
1106.000000	92.446	-146.8516
1120.000000	92.471	-146.7535
1138.000000	92.468	-146.1939
1150.000000	92.536	-145.8604
1172.000000	92.752	-145.6162
1180.000000	92.861	-145.4324
1206.000000	93.021	-145.1927
1220.000000	93.160	-145.0588
1241.000000	93.205	-144.2922
1250.000000	93.278	-144.2990
1265.000000	93.439	-144.3338
1280.000000	93.482	-144.3638
1315.000000	93.748	-143.2940
1320.000000	93.674	-143.0881
1340.000000	93.737	-142.8206
1360.000000	93.938	-142.4833
1380.000000	94.007	-142.7021
1400.000000	94.171	-142.3357
1430.000000	94.266	-141.8731
1450.000000	94.364	-141.5997
1475.000000	94.482	-141.5434
1500.000000	94.698	-141.4394
1525.000000	94.777	-140.9172
1550.000000	94.862	-141.1653
1575.000000	95.028	-140.2043
1600.000000	95.141	-140.1393
1625.000000	95.294	-140.0085
1650.000000	95.510	-139.9467
1675.000000	95.596	-139.7400
1700.000000	95.754	-139.9262
1725.000000	95.848	-139.3120
1750.000000	96.005	-139.1536
1775.000000	96.201	-139.1024
1800.000000	96.343	-138.9738
1825.000000	96.428	-139.0881
1850.000000	96.624	-138.9724
1875.000000	96.799	-138.9191
1900.000000	96.842	-139.3553
1925.000000	97.038	-139.1745
1950.000000	97.219	-139.3558
1975.000000	97.275	-139.2577
2000.000000	97.469	-139.3945
2030.000000	97.671	-139.7935
2060.000000	97.945	-139.8254
2090.000000	98.047	-140.3338
2120.000000	98.285	-140.7167
2140.000000	98.458	-140.6519
2180.000000	98.679	-141.0615
2200.000000	98.832	-141.4849
2240.000000	99.035	-142.4109
2270.000000	99.235	-143.2555
2300.000000	99.491	-143.7401
2330.000000	99.633	-144.6574
2360.000000	99.834	-145.7207
2400.000000	100.080	-146.8499
2430.000000	100.212	-147.6377
2470.000000	100.420	-149.5173
2500.000000	100.592	-150.7408
2540.000000	100.787	-152.3969
2580.000000	100.968	-153.8539
2620.000000	101.125	-156.0179
2650.000000	101.243	-157.6207
2690.000000	101.299	-159.4921
2720.000000	101.437	-161.1531
2760.000000	101.459	-163.3365
2800.000000	101.525	-165.5528
2850.000000	101.521	-168.2552
2900.000000	101.478	-171.0878
2950.000000	101.422	-173.3049
3000.000000	101.294	-175.9120
3040.000000	101.241	-177.7492
3070.000000	101.150	-178.8487
3110.000000	101.003	179.5895
3150.000000	100.910	178.1722
3200.000000	100.717	176.3105
3250.000000	100.628	174.5732
3300.000000	100.447	172.6666
3350.000000	100.280	171.1970
3400.000000	99.985	168.9747
3450.000000	99.790	167.9810
3500.000000	99.539	166.1086
3550.000000	99.308	164.9259
3600.000000	98.995	163.5892
3650.000000	98.658	162.8097
3700.000000	98.444	161.9064
3750.000000	98.123	161.2829
3820.000000	97.746	160.2560
3870.000000	97.510	160.0897
3950.000000	97.006	159.2548
4000.000000	96.715	159.0045
4060.000000	96.422	159.4467
4120.000000	96.128	159.5607
4180.000000	95.790	159.4333
4250.000000	95.401	159.8336
4310.000000	95.158	160.3280
4370.000000	94.816	160.5415
4440.000000	94.519	160.8797
4500.000000	94.307	161.7966
4550.000000	93.917	162.6422
4620.000000	93.787	162.8410
4680.000000	93.512	163.7435
4750.000000	93.071	165.2118
4820.000000	92.861	166.0770
4870.000000	92.728	167.0905
4940.000000	92.351	168.6210
5000.000000	92.260	168.6019
5080.000000	91.936	170.9875
5150.000000	91.805	172.1320
5220.000000	91.562	173.2130
5300.000000	91.315	176.3412
5380.000000	91.168	178.0256
5450.000000	90.809	-179.7956
5520.000000	90.889	-179.0199
5600.000000	90.763	-176.7620
5700.000000	90.560	-174.4978
5800.000000	90.473	-172.1073
5900.000000	90.416	-168.9138
6000.000000	90.410	-166.4843
6080.000000	90.213	-164.3283
6150.000000	90.349	-161.8253
6220.000000	90.421	-160.7440
6300.000000	90.583	-158.6009
6400.000000	90.469	-155.2436
6500.000000	90.772	-153.1606
6600.000000	91.051	-150.2864
6700.000000	91.113	-148.2241
6800.000000	91.354	-145.9244
6900.000000	91.743	-143.3531
7000.000000	92.319	-142.3035
7100.000000	92.847	-140.6352
7200.000000	93.200	-139.9843
7300.000000	93.901	-139.4068
7400.000000	94.546	-140.1390
7500.000000	95.208	-141.5998
7620.000000	95.886	-145.1169
7750.000000	96.751	-150.5992
7880.000000	97.129	-158.4579
8000.000000	97.057	-166.0963
8120.000000	96.761	-173.5118
8250.000000	96.011	179.8058
8380.000000	95.129	174.4932
8500.000000	94.121	173.1190
8620.000000	93.175	171.9924
8750.000000	92.383	172.1364
8850.000000	91.731	172.9227
9000.000000	91.104	175.1795
9120.000000	90.695	175.9988
9250.000000	90.117	179.9780
9380.000000	89.899	-177.8440
9500.000000	89.510	-175.5786
9620.000000	89.342	-173.2644
9750.000000	89.367	-168.6873
9880.000000	89.255	-167.5584
10000.000000	89.398	-166.1662
10150.000000	89.572	-162.4003
10300.000000	90.263	-160.4794
10440.000000	90.773	-159.2976
10600.000000	91.577	-159.0763
10750.000000	92.693	-161.9112
10900.000000	93.618	-168.9902
11060.000000	94.365	-179.9072
11200.000000	94.324	167.2668
11380.000000	92.909	151.4335
11500.000000	91.517	143.6680
11720.000000	89.141	138.0833
11800.000000	88.218	137.5236
12060.000000	85.509	138.1660
12200.000000	83.983	140.1070
12410.000000	82.970	144.2760
12500.000000	81.796	146.1309
12650.000000	81.372	148.5754
12800.000000	80.639	152.6032
13150.000000	79.411	162.0229
13200.000000	79.141	165.6681
13400.000000	78.728	165.5396
13600.000000	77.917	179.9030
13800.000000	77.994	-178.4689
14000.000000	78.210	-173.8860
14300.000000	77.947	-170.1030
14500.000000	77.611	-165.5721
14750.000000	77.499	-162.4373
15000.000000	78.007	-157.7427
15250.000000	78.670	-161.3204
15500.000000	80.001	-162.2845
15750.000000	80.336	-163.9622
16000.000000	81.347	-172.3400
16250.000000	81.821	177.4470
16500.000000	82.303	164.1919
16750.000000	80.624	150.7515
17000.000000	79.457	141.3780
17250.000000	78.080	129.9776
17500.000000	76.219	118.8161
17750.000000	74.504	111.8572
18000.000000	73.633	110.6848
18250.000000	72.475	102.1249
18500.000000	70.718	100.7199
18750.000000	67.617	117.9853
19000.000000	67.233	91.4163
19250.000000	63.605	86.0329
19500.000000	64.652	75.3033
19750.000000	62.885	95.0790
