* Measurement data measured by REW V5.31.1
* Source: EXCL: Micrófono (Realtek(R) Audio), MICROPHONE (Volumen general), L, volume: 0,900. Timing signal peak level -11,3 dBFS, measurement signal peak level -11,2 dBFS
* Format: 512k Log Swept Sine, 1 sweep at -12,0 dBFS using an acoustic timing reference
* Dated: 16/11/2025 02:11:10 AM
* REW Settings:
*  C-weighting compensation: Off
*  Target level: 75.0 dB
* Note: Delay -0,0901 ms (-31 mm, -1,22 in) using estimated IR delay relative to Acoustic reference played from HEADPHONE L with no timing offset Clock adjustment: 18,7 ppm
* Measurement: L 1065
* Smoothing: None
* Frequency Step: 1/48 octave
* Start Frequency: 20.000 Hz
*
* Freq(Hz)	SPL(dB)	Phase(degrees)
20.000000	101.188	-135.4317
20.299999	101.246	-136.0719
20.600000	101.302	-136.7048
20.900000	101.356	-137.3348
21.200001	101.408	-137.9644
21.400000	101.442	-138.3834
21.799999	101.505	-139.2153
22.000000	101.534	-139.6260
22.400000	101.590	-140.4326
22.700001	101.630	-141.0248
23.000000	101.668	-141.6082
23.299999	101.706	-142.1855
23.600000	101.741	-142.7574
24.000000	101.786	-143.5087
24.299999	101.817	-144.0578
24.700001	101.856	-144.7623
25.000000	101.885	-145.2681
25.400000	101.926	-145.9200
25.799999	101.971	-146.5682
26.200001	102.016	-147.2341
26.500000	102.048	-147.7461
26.900000	102.084	-148.4272
27.200001	102.107	-148.9163
27.600000	102.135	-149.5196
28.000000	102.166	-150.0750
28.500000	102.212	-150.7621
29.000000	102.256	-151.4987
29.500000	102.288	-152.2492
30.000000	102.309	-152.9182
30.400000	102.329	-153.3808
30.700001	102.349	-153.7162
31.100000	102.383	-154.2056
31.500000	102.413	-154.7650
32.000000	102.433	-155.4987
32.500000	102.437	-156.1409
33.000000	102.448	-156.6567
33.500000	102.477	-157.1637
34.000000	102.514	-157.7814
34.500000	102.538	-158.4766
35.000000	102.550	-159.1336
35.500000	102.563	-159.7153
36.000000	102.586	-160.3042
36.500000	102.607	-160.9611
37.000000	102.612	-161.6235
37.500000	102.606	-162.1845
38.200001	102.611	-162.7977
38.700001	102.629	-163.2427
39.500000	102.649	-164.0651
40.000000	102.648	-164.5459
40.599998	102.648	-165.0298
41.200001	102.657	-165.4870
41.799999	102.671	-165.9924
42.500000	102.680	-166.6296
43.099998	102.682	-167.1705
43.700001	102.683	-167.7077
44.400002	102.682	-168.3558
45.000000	102.673	-168.9065
45.500000	102.662	-169.3142
46.200001	102.655	-169.7988
46.799999	102.664	-170.2280
47.500000	102.675	-170.8414
48.200001	102.667	-171.4766
48.700001	102.656	-171.8701
49.400002	102.645	-172.3605
50.000000	102.639	-172.7834
50.799999	102.628	-173.3403
51.500000	102.618	-173.8045
52.200001	102.609	-174.2708
53.000000	102.597	-174.7855
53.799999	102.588	-175.2826
54.500000	102.582	-175.7400
55.200001	102.573	-176.2091
56.000000	102.555	-176.7358
57.000000	102.526	-177.2827
58.000000	102.520	-177.7770
59.000000	102.503	-178.4411
60.000000	102.477	-178.9069
60.799999	102.487	-179.4190
61.500000	102.460	179.9099
62.200001	102.386	179.4966
63.000000	102.342	179.4780
64.000000	102.377	179.1127
65.000000	102.353	178.3398
66.000000	102.300	177.9135
67.000000	102.281	177.5201
68.000000	102.250	177.0053
69.000000	102.209	176.6232
70.000000	102.189	176.2202
71.000000	102.151	175.7181
72.000000	102.115	175.3883
73.000000	102.100	174.9445
74.000000	102.057	174.4642
75.000000	102.022	174.1614
76.199997	101.990	173.6852
77.500000	101.951	173.2683
78.800003	101.910	172.7202
80.000000	101.861	172.3818
81.199997	101.833	171.9880
82.500000	101.794	171.5073
83.800003	101.741	171.0297
85.000000	101.694	170.7263
86.199997	101.663	170.4034
87.500000	101.626	169.9525
88.500000	101.577	169.6295
90.000000	101.526	169.3445
91.199997	101.482	168.9585
92.500000	101.430	168.7248
93.800003	101.387	168.3615
95.000000	101.344	168.1206
96.199997	101.306	167.7381
97.500000	101.254	167.4501
98.800003	101.214	167.0995
100.000000	101.172	166.8529
101.500000	101.116	166.6256
103.000000	101.102	166.3559
104.400002	101.024	165.9968
106.000000	100.963	165.7880
107.500000	100.910	165.5594
109.000000	100.846	165.2667
110.599998	100.803	164.9069
112.000000	100.733	164.7651
113.800003	100.681	164.5452
115.000000	100.656	164.2800
117.199997	100.527	164.2067
118.000000	100.551	164.0378
120.599998	100.430	163.3650
122.000000	100.385	163.3849
124.099998	100.309	163.1830
125.000000	100.274	163.1228
126.500000	100.229	163.0290
128.000000	100.173	162.8444
131.500000	100.044	162.0807
132.000000	100.026	162.1307
134.000000	99.991	162.1262
136.000000	99.930	161.9827
138.000000	99.828	161.8609
140.000000	99.773	161.6229
143.000000	99.701	161.1417
145.000000	99.666	161.0746
147.500000	99.598	161.1359
150.000000	99.408	161.0094
152.500000	99.345	160.7266
155.000000	99.329	160.6603
157.500000	99.202	160.8908
160.000000	99.116	160.6199
162.500000	99.011	160.4943
165.000000	98.957	160.3749
167.500000	98.874	160.3500
170.000000	98.781	160.3422
172.500000	98.652	160.4062
175.000000	98.597	160.4455
177.500000	98.557	160.8933
180.000000	98.463	161.1891
182.500000	98.331	161.3791
185.000000	98.300	161.9535
187.500000	98.338	162.7088
190.000000	98.324	162.3926
192.500000	98.327	162.7568
195.000000	98.251	161.9790
197.500000	98.247	162.0984
200.000000	98.151	161.3652
203.000000	98.066	161.3468
206.000000	97.948	161.5048
209.000000	97.908	161.4269
212.000000	97.803	161.2910
214.000000	97.763	161.6052
218.000000	97.682	161.5904
220.000000	97.620	161.6371
224.000000	97.535	161.8505
227.000000	97.460	161.7733
230.000000	97.398	162.0721
233.000000	97.347	162.1718
236.000000	97.233	162.4341
240.000000	97.161	162.5299
243.000000	97.095	162.6966
247.000000	96.995	162.8701
250.000000	96.952	163.0521
254.000000	96.864	163.3110
258.000000	96.779	163.5296
262.000000	96.715	163.6565
265.000000	96.660	164.0261
269.000000	96.573	164.1711
272.000000	96.520	164.4215
276.000000	96.423	164.6664
280.000000	96.367	165.1103
285.000000	96.265	165.4402
290.000000	96.156	165.8787
295.000000	96.094	166.3197
300.000000	96.014	166.5939
304.000000	95.948	166.8801
307.000000	95.888	167.1648
311.000000	95.867	167.4800
315.000000	95.779	167.8468
320.000000	95.707	168.0969
325.000000	95.633	168.6839
330.000000	95.560	169.2703
335.000000	95.465	169.6864
340.000000	95.403	169.9451
345.000000	95.347	170.4002
350.000000	95.305	170.9100
355.000000	95.234	171.5258
360.000000	95.160	171.9772
365.000000	95.108	172.2675
370.000000	95.076	172.7811
375.000000	94.991	173.3482
382.000000	94.909	173.8470
387.000000	94.857	174.5847
395.000000	94.797	175.0635
400.000000	94.713	175.6333
406.000000	94.647	176.1624
412.000000	94.585	176.6233
418.000000	94.541	177.3281
425.000000	94.476	178.0263
431.000000	94.409	178.5904
437.000000	94.345	179.2382
444.000000	94.266	179.8280
450.000000	94.226	-179.4231
455.000000	94.167	-178.8743
462.000000	94.147	-178.2424
468.000000	94.065	-177.5111
475.000000	94.020	-176.6933
482.000000	93.979	-176.1613
487.000000	93.910	-175.4714
494.000000	93.872	-174.6589
500.000000	93.822	-173.9741
508.000000	93.792	-173.0437
515.000000	93.759	-172.1241
522.000000	93.692	-171.3504
530.000000	93.650	-170.2975
538.000000	93.636	-169.3884
545.000000	93.578	-168.6688
552.000000	93.545	-167.8000
560.000000	93.486	-166.5812
570.000000	93.490	-165.2314
580.000000	93.492	-164.0914
590.000000	93.454	-162.9070
600.000000	93.460	-161.4033
608.000000	93.472	-160.5495
615.000000	93.458	-159.5389
622.000000	93.460	-158.8360
630.000000	93.511	-157.8524
640.000000	93.513	-156.6679
650.000000	93.547	-155.4017
660.000000	93.593	-154.4344
670.000000	93.658	-153.1675
680.000000	93.694	-152.2822
690.000000	93.761	-151.0305
700.000000	93.807	-150.1477
710.000000	93.848	-149.3955
720.000000	93.887	-148.3456
730.000000	93.964	-147.6230
740.000000	94.004	-146.4879
750.000000	94.030	-145.9102
762.000000	94.082	-144.8350
775.000000	94.130	-143.7961
788.000000	94.199	-142.5564
800.000000	94.271	-141.6222
812.000000	94.325	-140.8067
825.000000	94.362	-139.6711
838.000000	94.462	-138.5949
850.000000	94.515	-137.5670
862.000000	94.584	-136.5289
875.000000	94.639	-135.6658
885.000000	94.717	-134.6023
900.000000	94.792	-133.5140
912.000000	94.886	-132.6880
925.000000	94.957	-131.5565
938.000000	95.052	-130.7648
950.000000	95.130	-129.7121
962.000000	95.185	-128.8740
975.000000	95.311	-127.9114
988.000000	95.392	-126.9797
1000.000000	95.490	-126.1776
1015.000000	95.609	-125.2500
1030.000000	95.722	-124.1210
1044.000000	95.819	-123.4735
1060.000000	95.985	-122.3057
1075.000000	96.105	-121.5182
1090.000000	96.236	-120.6247
1106.000000	96.381	-119.7183
1120.000000	96.486	-118.9671
1138.000000	96.658	-118.0679
1150.000000	96.766	-117.4664
1172.000000	96.943	-116.4366
1180.000000	97.006	-116.2363
1206.000000	97.221	-114.9196
1220.000000	97.354	-114.4264
1241.000000	97.538	-113.6490
1250.000000	97.590	-113.2144
1265.000000	97.724	-112.6277
1280.000000	97.841	-112.0085
1315.000000	98.151	-110.5914
1320.000000	98.183	-110.4682
1340.000000	98.340	-109.6486
1360.000000	98.528	-109.1042
1380.000000	98.713	-108.3339
1400.000000	98.874	-107.6582
1430.000000	99.144	-106.5828
1450.000000	99.329	-106.0021
1475.000000	99.553	-105.2555
1500.000000	99.784	-104.5715
1525.000000	100.016	-103.8973
1550.000000	100.272	-103.2507
1575.000000	100.529	-102.7624
1600.000000	100.773	-102.2308
1625.000000	101.046	-101.7655
1650.000000	101.309	-101.4489
1675.000000	101.590	-101.2687
1700.000000	101.850	-101.0762
1725.000000	102.130	-100.9090
1750.000000	102.418	-100.9940
1775.000000	102.690	-101.1202
1800.000000	102.974	-101.3746
1825.000000	103.260	-101.7395
1850.000000	103.529	-102.1913
1875.000000	103.797	-102.7711
1900.000000	104.062	-103.4340
1925.000000	104.311	-104.3351
1950.000000	104.570	-105.3076
1975.000000	104.819	-106.4570
2000.000000	105.039	-107.7924
2030.000000	105.288	-109.4874
2060.000000	105.490	-111.4384
2090.000000	105.655	-113.4213
2120.000000	105.777	-115.5059
2140.000000	105.841	-116.9250
2180.000000	105.906	-119.6914
2200.000000	105.909	-121.0536
2240.000000	105.873	-123.6791
2270.000000	105.805	-125.4569
2300.000000	105.710	-127.2008
2330.000000	105.581	-128.6562
2360.000000	105.448	-130.0048
2400.000000	105.233	-131.4993
2430.000000	105.068	-132.4063
2470.000000	104.836	-133.3449
2500.000000	104.669	-133.8301
2540.000000	104.436	-134.3321
2580.000000	104.214	-134.5408
2620.000000	104.026	-134.5144
2650.000000	103.876	-134.3506
2690.000000	103.700	-134.0193
2720.000000	103.606	-133.6805
2760.000000	103.502	-133.2011
2800.000000	103.404	-132.6039
2850.000000	103.309	-131.9695
2900.000000	103.247	-131.3207
2950.000000	103.231	-130.5826
3000.000000	103.225	-129.9595
3040.000000	103.264	-129.4845
3070.000000	103.305	-129.1302
3110.000000	103.390	-128.7240
3150.000000	103.474	-128.5362
3200.000000	103.637	-128.5188
3250.000000	103.827	-128.8107
3300.000000	104.039	-129.3248
3350.000000	104.270	-130.3671
3400.000000	104.526	-131.9492
3450.000000	104.781	-134.1997
3500.000000	105.010	-137.0190
3550.000000	105.189	-140.5848
3600.000000	105.290	-144.8519
3650.000000	105.285	-149.6146
3700.000000	105.173	-154.9510
3750.000000	104.910	-160.4312
3820.000000	104.291	-167.9384
3870.000000	103.727	-172.9885
3950.000000	102.647	-179.9917
4000.000000	101.956	176.2495
4060.000000	101.102	171.8834
4120.000000	100.272	167.5152
4180.000000	99.438	162.9315
4250.000000	98.476	157.0674
4310.000000	97.680	151.7061
4370.000000	96.961	145.4099
4440.000000	96.239	136.6993
4500.000000	95.797	127.7233
4550.000000	95.584	119.5743
4620.000000	95.597	105.9496
4680.000000	95.881	92.7784
4750.000000	96.485	76.1683
4820.000000	97.270	59.2939
4870.000000	97.782	47.0727
4940.000000	98.295	30.7307
5000.000000	98.491	17.6969
5080.000000	98.384	3.3761
5150.000000	98.026	-6.2596
5220.000000	97.571	-13.4518
5300.000000	97.053	-19.0576
5380.000000	96.534	-22.3814
5450.000000	96.129	-23.9376
5520.000000	95.692	-24.5951
5600.000000	95.367	-24.2185
5700.000000	94.950	-22.3126
5800.000000	94.649	-19.9913
5900.000000	94.443	-17.1313
6000.000000	94.326	-13.6940
6080.000000	94.253	-10.5626
6150.000000	94.291	-7.7032
6220.000000	94.322	-4.9857
6300.000000	94.404	-1.4745
6400.000000	94.549	3.0066
6500.000000	94.722	7.4806
6600.000000	95.020	11.8586
6700.000000	95.406	16.2839
6800.000000	95.856	20.6349
6900.000000	96.356	24.8267
7000.000000	96.980	28.9216
7100.000000	97.700	32.6125
7200.000000	98.542	35.8123
7300.000000	99.446	38.6079
7400.000000	100.517	40.6158
7500.000000	101.727	41.4568
7620.000000	103.339	40.4006
7750.000000	105.248	35.3638
7880.000000	106.979	23.9343
8000.000000	107.757	8.5104
8120.000000	107.352	-7.1699
8250.000000	106.075	-19.1970
8380.000000	104.603	-26.1864
8500.000000	103.356	-29.4947
8620.000000	102.225	-31.5296
8750.000000	101.131	-32.3387
8850.000000	100.390	-32.9161
9000.000000	99.221	-32.6820
9120.000000	98.405	-31.0158
9250.000000	97.821	-29.1406
9380.000000	97.549	-28.6368
9500.000000	97.343	-30.4083
9620.000000	96.958	-34.7375
9750.000000	96.193	-41.1106
9880.000000	94.860	-48.0303
10000.000000	93.070	-55.1807
10150.000000	89.796	-63.9653
10300.000000	84.472	-71.8752
10440.000000	72.619	-70.4596
10600.000000	78.247	80.9649
10750.000000	85.281	77.2349
10900.000000	88.447	72.1936
11060.000000	90.279	65.4872
11200.000000	91.200	60.8801
11380.000000	91.910	56.1788
11500.000000	92.376	53.6449
11720.000000	93.091	47.6016
11800.000000	93.359	45.0147
12060.000000	93.918	34.1429
12200.000000	94.036	24.5117
12410.000000	93.202	7.7450
12500.000000	92.439	0.8994
12650.000000	90.826	-8.1208
12800.000000	88.695	-14.1516
13150.000000	84.185	-18.3721
13200.000000	83.384	-18.1495
13400.000000	81.167	-15.0457
13600.000000	78.787	-11.4192
13800.000000	76.877	-9.3367
14000.000000	74.461	-4.9179
14300.000000	72.490	3.1640
14500.000000	70.009	6.6039
14750.000000	65.901	-24.7163
15000.000000	69.582	82.1099
15250.000000	70.540	66.5287
15500.000000	68.365	60.2739
15750.000000	68.428	57.4309
16000.000000	67.796	59.8706
16250.000000	68.844	50.2524
16500.000000	70.430	47.1835
16750.000000	71.813	40.1935
17000.000000	75.219	26.2104
17250.000000	79.060	12.1233
17500.000000	82.881	-18.9396
17750.000000	85.188	-58.6046
18000.000000	86.134	-101.4615
18250.000000	84.885	-147.4839
18500.000000	81.110	178.7908
18750.000000	77.165	159.6287
19000.000000	73.852	149.4558
19250.000000	71.464	150.6687
19500.000000	69.441	139.5607
19750.000000	68.300	137.1602
