* Measurement data measured by REW V5.31.1
* Source: EXCL: Micrófono (Realtek(R) Audio), MICROPHONE (Volumen general), L, volume: 0,900. Timing signal peak level -17,8 dBFS, measurement signal peak level -12,8 dBFS
* Format: 512k Log Swept Sine, 1 sweep at -12,0 dBFS using an acoustic timing reference
* Dated: 16/11/2025 02:59:28 AM
* REW Settings:
*  C-weighting compensation: Off
*  Target level: 75.0 dB
* Note: Delay -0,0261 ms (-9,0 mm, -0,35 in) using estimated IR delay relative to Acoustic reference played from HEADPHONE L with no timing offset Clock adjustment: 32,9 ppm
* Measurement: L kb02
* Smoothing: None
* Frequency Step: 1/48 octave
* Start Frequency: 20.000 Hz
*
* Freq(Hz)	SPL(dB)	Phase(degrees)
20.000000	105.699	178.5143
20.299999	105.668	177.8990
20.600000	105.635	177.3049
20.900000	105.600	176.7402
21.200001	105.565	176.2078
21.400000	105.543	175.8666
21.799999	105.502	175.2020
22.000000	105.482	174.8704
22.400000	105.443	174.1962
22.700001	105.412	173.6835
23.000000	105.377	173.1775
23.299999	105.339	172.6936
23.600000	105.300	172.2401
24.000000	105.249	171.6805
24.299999	105.215	171.2781
24.700001	105.174	170.7353
25.000000	105.144	170.3106
25.400000	105.100	169.7269
25.799999	105.049	169.1564
26.200001	104.994	168.6353
26.500000	104.954	168.2810
26.900000	104.906	167.8364
27.200001	104.875	167.4992
27.600000	104.835	167.0213
28.000000	104.791	166.5171
28.500000	104.727	165.9064
29.000000	104.661	165.3710
29.500000	104.603	164.8849
30.000000	104.553	164.3715
30.400000	104.510	163.9241
30.700001	104.474	163.5849
31.100000	104.421	163.1639
31.500000	104.366	162.7968
32.000000	104.304	162.3918
32.500000	104.251	161.9876
33.000000	104.198	161.5568
33.500000	104.141	161.1257
34.000000	104.081	160.7241
34.500000	104.023	160.3490
35.000000	103.964	159.9890
35.500000	103.906	159.6490
36.000000	103.849	159.3331
36.500000	103.795	159.0244
37.000000	103.743	158.7026
37.500000	103.688	158.3761
38.200001	103.609	157.9543
38.700001	103.556	157.6709
39.500000	103.474	157.1766
40.000000	103.417	156.8533
40.599998	103.345	156.4963
41.200001	103.273	156.1810
41.799999	103.204	155.8869
42.500000	103.125	155.5618
43.099998	103.061	155.2905
43.700001	102.998	155.0107
44.400002	102.922	154.6890
45.000000	102.857	154.4383
45.500000	102.805	154.2388
46.200001	102.734	153.9584
46.799999	102.672	153.7258
47.500000	102.602	153.4675
48.200001	102.531	153.2242
48.700001	102.482	153.0730
49.400002	102.421	152.8688
50.000000	102.372	152.6378
50.799999	102.290	152.2909
51.500000	102.208	152.1016
52.200001	102.139	151.9895
53.000000	102.069	151.7869
53.799999	101.987	151.5684
54.500000	101.917	151.4506
55.200001	101.859	151.3183
56.000000	101.789	151.0840
57.000000	101.689	150.8472
58.000000	101.610	150.6555
59.000000	101.522	150.3010
60.000000	101.412	150.1654
60.799999	101.357	150.1318
61.500000	101.310	149.9642
62.200001	101.246	149.8207
63.000000	101.178	149.7726
64.000000	101.103	149.6402
65.000000	101.019	149.5789
66.000000	100.954	149.4623
67.000000	100.864	149.2605
68.000000	100.779	149.2136
69.000000	100.702	149.0710
70.000000	100.614	149.0077
71.000000	100.545	148.9819
72.000000	100.477	148.8990
73.000000	100.411	148.8257
74.000000	100.343	148.7042
75.000000	100.262	148.6274
76.199997	100.173	148.6432
77.500000	100.088	148.6005
78.800003	99.995	148.5116
80.000000	99.902	148.4949
81.199997	99.825	148.4711
82.500000	99.726	148.4342
83.800003	99.652	148.4658
85.000000	99.577	148.3331
86.199997	99.489	148.2948
87.500000	99.417	148.3199
88.500000	99.360	148.2180
90.000000	99.257	148.1973
91.199997	99.179	148.2233
92.500000	99.104	148.2680
93.800003	99.022	148.2038
95.000000	98.941	148.1898
96.199997	98.877	148.1949
97.500000	98.794	148.1211
98.800003	98.738	148.2437
100.000000	98.658	148.2761
101.500000	98.647	148.4554
103.000000	98.476	148.1676
104.400002	98.416	148.6047
106.000000	98.312	148.3889
107.500000	98.220	148.4056
109.000000	98.137	148.1691
110.599998	98.015	148.3595
112.000000	97.949	148.3939
113.800003	97.849	148.3690
115.000000	97.760	148.3574
117.199997	97.623	148.2733
118.000000	97.605	148.2767
120.599998	97.361	148.0880
122.000000	97.302	148.1262
124.099998	97.146	148.0687
125.000000	97.069	148.2175
126.500000	96.981	147.9568
128.000000	96.815	147.7659
131.500000	96.461	147.0651
132.000000	96.374	147.0952
134.000000	96.186	146.6000
136.000000	95.960	147.5718
138.000000	95.485	146.1725
140.000000	95.004	145.0239
143.000000	93.888	144.3853
145.000000	92.855	144.2293
147.500000	90.450	148.0205
150.000000	86.400	169.7112
152.500000	87.690	-144.5097
155.000000	95.281	-138.8337
157.500000	98.130	-151.4014
160.000000	99.355	-162.5718
162.500000	99.544	-170.4713
165.000000	99.469	-175.4697
167.500000	99.469	-178.8426
170.000000	99.448	179.5754
172.500000	99.318	177.8059
175.000000	99.304	176.5703
177.500000	99.331	176.1304
180.000000	99.402	175.9457
182.500000	99.495	176.0008
185.000000	99.653	176.1561
187.500000	99.925	176.4360
190.000000	100.256	177.0432
192.500000	100.749	177.6108
195.000000	101.502	177.8378
197.500000	102.644	177.0657
200.000000	104.298	173.0384
203.000000	106.914	155.9156
206.000000	106.198	116.1415
209.000000	101.216	101.8356
212.000000	97.735	107.9381
214.000000	96.341	114.6984
218.000000	95.021	127.4413
220.000000	94.761	132.6923
224.000000	94.637	140.0480
227.000000	94.596	143.8813
230.000000	94.586	146.8806
233.000000	94.624	149.0920
236.000000	94.646	151.2729
240.000000	94.640	152.9700
243.000000	94.664	154.4518
247.000000	94.675	155.6942
250.000000	94.664	157.8189
254.000000	95.107	160.8641
258.000000	94.722	148.2764
262.000000	94.457	155.6551
265.000000	94.420	157.5719
269.000000	94.399	158.8761
272.000000	94.389	159.4718
276.000000	94.358	160.5278
280.000000	94.322	161.1175
285.000000	94.276	162.0803
290.000000	94.228	162.8562
295.000000	94.149	163.4604
300.000000	94.041	164.0775
304.000000	93.978	164.8162
307.000000	93.909	165.3644
311.000000	93.812	166.1810
315.000000	93.709	167.1369
320.000000	93.543	168.8502
325.000000	93.513	171.2961
330.000000	93.626	173.9598
335.000000	93.971	175.6391
340.000000	94.267	175.4779
345.000000	94.356	175.2134
350.000000	94.407	174.7545
355.000000	94.429	174.6757
360.000000	94.419	174.6123
365.000000	94.359	174.8019
370.000000	94.360	174.9091
375.000000	94.362	175.1584
382.000000	94.316	175.5262
387.000000	94.295	176.0012
395.000000	94.306	176.5043
400.000000	94.268	176.8517
406.000000	94.234	177.1399
412.000000	94.234	177.5173
418.000000	94.208	178.1138
425.000000	94.194	178.4983
431.000000	94.163	178.9952
437.000000	94.157	179.4123
444.000000	94.144	179.9279
450.000000	94.134	-179.7956
455.000000	94.154	-179.3138
462.000000	94.118	-178.7651
468.000000	94.096	-178.2950
475.000000	94.104	-178.0114
482.000000	94.115	-177.5838
487.000000	94.068	-176.9704
494.000000	94.100	-176.5663
500.000000	94.072	-176.0209
508.000000	94.081	-175.7001
515.000000	94.068	-174.9714
522.000000	94.051	-174.7350
530.000000	94.085	-174.1970
538.000000	94.061	-173.4205
545.000000	94.060	-172.9441
552.000000	94.055	-172.6971
560.000000	94.051	-172.1259
570.000000	94.069	-171.2833
580.000000	94.070	-170.7242
590.000000	94.076	-170.1231
600.000000	94.092	-169.3225
608.000000	94.106	-168.8996
615.000000	94.085	-168.3954
622.000000	94.138	-167.9244
630.000000	94.117	-167.4708
640.000000	94.130	-166.8456
650.000000	94.141	-166.3625
660.000000	94.177	-165.6862
670.000000	94.188	-164.9265
680.000000	94.188	-164.3012
690.000000	94.212	-163.8118
700.000000	94.282	-163.1293
710.000000	94.292	-162.5176
720.000000	94.295	-161.7348
730.000000	94.338	-161.2228
740.000000	94.379	-160.5326
750.000000	94.415	-160.1125
762.000000	94.469	-159.1650
775.000000	94.528	-158.5214
788.000000	94.598	-157.6461
800.000000	94.643	-157.1198
812.000000	94.718	-156.4237
825.000000	94.794	-156.0961
838.000000	94.787	-155.1969
850.000000	94.878	-154.4090
862.000000	95.002	-153.9052
875.000000	95.125	-153.4814
885.000000	95.220	-153.1176
900.000000	95.379	-153.2557
912.000000	95.424	-153.9654
925.000000	95.315	-154.7858
938.000000	95.010	-154.0710
950.000000	94.917	-152.0002
962.000000	94.973	-150.5679
975.000000	95.104	-149.2642
988.000000	95.240	-148.1742
1000.000000	95.357	-147.5245
1015.000000	95.485	-146.7093
1030.000000	95.614	-146.0614
1044.000000	95.760	-145.4895
1060.000000	95.875	-145.0213
1075.000000	96.008	-144.4097
1090.000000	96.097	-143.9939
1106.000000	96.217	-143.7034
1120.000000	96.340	-143.1153
1138.000000	96.462	-142.7984
1150.000000	96.563	-142.4845
1172.000000	96.731	-142.0334
1180.000000	96.788	-141.8907
1206.000000	96.949	-141.4245
1220.000000	97.076	-141.0058
1241.000000	97.214	-140.7814
1250.000000	97.252	-140.6405
1265.000000	97.357	-140.4817
1280.000000	97.468	-140.2098
1315.000000	97.708	-139.7643
1320.000000	97.739	-139.5163
1340.000000	97.881	-139.4586
1360.000000	98.010	-139.5169
1380.000000	98.136	-139.4531
1400.000000	98.247	-139.3476
1430.000000	98.448	-139.3648
1450.000000	98.525	-139.2962
1475.000000	98.673	-139.2617
1500.000000	98.765	-139.2909
1525.000000	98.906	-139.1839
1550.000000	99.012	-138.9922
1575.000000	99.144	-138.9226
1600.000000	99.238	-138.8531
1625.000000	99.381	-138.8236
1650.000000	99.481	-138.7986
1675.000000	99.610	-138.6752
1700.000000	99.735	-138.6084
1725.000000	99.852	-138.5212
1750.000000	99.995	-138.5972
1775.000000	100.092	-138.5603
1800.000000	100.225	-138.4967
1825.000000	100.355	-138.4698
1850.000000	100.473	-138.5614
1875.000000	100.616	-138.6029
1900.000000	100.720	-138.7098
1925.000000	100.847	-138.6861
1950.000000	100.980	-138.8786
1975.000000	101.102	-139.0159
2000.000000	101.215	-139.1874
2030.000000	101.371	-139.4043
2060.000000	101.510	-139.6660
2090.000000	101.646	-139.8974
2120.000000	101.811	-140.2964
2140.000000	101.918	-140.4960
2180.000000	102.100	-141.0273
2200.000000	102.199	-141.3409
2240.000000	102.374	-141.8457
2270.000000	102.523	-142.2703
2300.000000	102.652	-142.8358
2330.000000	102.776	-143.4380
2360.000000	102.908	-143.9942
2400.000000	103.078	-144.7977
2430.000000	103.182	-145.4114
2470.000000	103.336	-146.3632
2500.000000	103.441	-147.0531
2540.000000	103.573	-148.0296
2580.000000	103.705	-149.0698
2620.000000	103.827	-150.1168
2650.000000	103.917	-150.8745
2690.000000	104.015	-152.0049
2720.000000	104.074	-152.8088
2760.000000	104.171	-153.9463
2800.000000	104.274	-155.0470
2850.000000	104.350	-156.5334
2900.000000	104.421	-157.9672
2950.000000	104.489	-159.4899
3000.000000	104.545	-160.9200
3040.000000	104.579	-162.1170
3070.000000	104.588	-162.9792
3110.000000	104.595	-164.2164
3150.000000	104.616	-165.3376
3200.000000	104.613	-166.8936
3250.000000	104.615	-168.3690
3300.000000	104.594	-169.8379
3350.000000	104.558	-171.4136
3400.000000	104.516	-172.7800
3450.000000	104.466	-174.3436
3500.000000	104.400	-175.7641
3550.000000	104.317	-177.2633
3600.000000	104.223	-178.6585
3650.000000	104.111	-179.9801
3700.000000	103.990	178.6168
3750.000000	103.867	177.3368
3820.000000	103.656	175.5928
3870.000000	103.507	174.4249
3950.000000	103.228	172.6694
4000.000000	103.059	171.5102
4060.000000	102.843	170.4468
4120.000000	102.613	169.2409
4180.000000	102.354	168.1102
4250.000000	102.041	167.0486
4310.000000	101.750	166.2367
4370.000000	101.459	165.5704
4440.000000	101.113	165.0744
4500.000000	100.807	164.6721
4550.000000	100.547	164.4472
4620.000000	100.207	164.4023
4680.000000	99.899	164.5148
4750.000000	99.568	164.7155
4820.000000	99.241	164.8194
4870.000000	99.022	165.2455
4940.000000	98.681	165.7766
5000.000000	98.418	166.2313
5080.000000	98.060	167.0352
5150.000000	97.761	167.8405
5220.000000	97.396	169.1628
5300.000000	97.223	170.1160
5380.000000	96.914	171.1146
5450.000000	96.622	172.1990
5520.000000	96.338	173.5336
5600.000000	96.020	175.1993
5700.000000	95.686	177.9586
5800.000000	95.451	-179.1313
5900.000000	95.230	-176.4868
6000.000000	95.076	-173.7523
6080.000000	95.015	-171.7052
6150.000000	94.958	-169.5761
6220.000000	94.908	-167.6579
6300.000000	94.854	-165.5136
6400.000000	94.833	-162.7294
6500.000000	94.857	-159.5610
6600.000000	94.932	-156.6804
6700.000000	95.099	-153.5900
6800.000000	95.315	-150.8938
6900.000000	95.621	-148.1649
7000.000000	95.984	-145.8288
7100.000000	96.349	-143.9725
7200.000000	96.841	-142.3035
7300.000000	97.352	-141.0650
7400.000000	97.955	-140.7679
7500.000000	98.587	-140.8148
7620.000000	99.367	-142.4880
7750.000000	100.198	-146.3020
7880.000000	100.879	-152.3321
8000.000000	101.175	-159.5293
8120.000000	101.066	-167.3251
8250.000000	100.476	-174.6299
8380.000000	99.573	-179.8313
8500.000000	98.723	178.0067
8620.000000	97.916	177.0881
8750.000000	97.196	177.7100
8850.000000	96.752	178.2979
9000.000000	96.271	178.7437
9120.000000	95.856	179.1115
9250.000000	95.324	179.5161
9380.000000	94.842	-179.6612
9500.000000	94.370	-177.9571
9620.000000	94.012	-176.5235
9750.000000	93.617	-173.4533
9880.000000	93.338	-170.2064
10000.000000	93.207	-167.7864
10150.000000	93.228	-164.0066
10300.000000	93.283	-160.3172
10440.000000	93.569	-157.1778
10600.000000	93.967	-154.4844
10750.000000	94.593	-152.2684
10900.000000	95.409	-151.2001
11060.000000	96.435	-152.2944
11200.000000	97.516	-155.6459
11380.000000	98.886	-165.3867
11500.000000	99.459	-175.4009
11720.000000	98.839	162.2109
11800.000000	98.167	155.8379
12060.000000	95.116	142.8244
12200.000000	93.584	140.9049
12410.000000	91.502	140.3896
12500.000000	90.685	141.0314
12650.000000	89.621	143.2748
12800.000000	88.545	145.7073
13150.000000	86.855	152.4910
13200.000000	86.555	153.9954
13400.000000	85.877	156.9927
13600.000000	85.245	162.5265
13800.000000	84.886	164.6580
14000.000000	84.623	167.4646
14300.000000	84.027	170.2397
14500.000000	84.000	173.9931
14750.000000	83.902	176.2390
15000.000000	83.961	177.0618
15250.000000	84.082	176.1817
15500.000000	83.600	174.1762
15750.000000	83.467	174.8541
16000.000000	83.829	178.6849
16250.000000	84.862	178.4399
16500.000000	86.457	171.5787
16750.000000	87.513	155.9969
17000.000000	87.527	136.7086
17250.000000	86.792	117.7319
17500.000000	85.041	98.4003
17750.000000	82.543	81.3407
18000.000000	79.813	72.6770
18250.000000	77.274	67.0853
18500.000000	74.455	67.4692
18750.000000	72.380	63.0980
19000.000000	70.956	54.2943
19250.000000	68.968	51.6007
19500.000000	65.666	38.0336
19750.000000	62.574	26.1645
