* Measurement data measured by REW V5.31.1
* Source: EXCL: Micrófono (Realtek(R) Audio), MICROPHONE (Volumen general), L, volume: 0,900. Timing signal peak level -5,1 dBFS, measurement signal peak level -7,8 dBFS
* Format: 512k Log Swept Sine, 1 sweep using an acoustic timing reference
* Dated: 7/09/2025 09:53:13 PM
* REW Settings:
*  C-weighting compensation: Off
*  Target level: 75.0 dB
* Note: Delay -0,0558 ms (-19 mm, -0,75 in) using estimated IR delay relative to Acoustic reference played from 0-20k_R_refR.wav with no timing offset Clock adjustment: 140,9 ppm
* Measurement: R bluetho
* Smoothing: None
* Frequency Step: 1/48 octave
* Start Frequency: 20.000 Hz
*
* Freq(Hz)	SPL(dB)	Phase(degrees)
20.000000	101.513	-60.3203
20.299999	101.653	-61.9707
20.600000	101.772	-63.5198
20.900000	101.873	-64.9193
21.200001	101.961	-66.1217
21.400000	102.019	-66.8005
21.799999	102.149	-67.8909
22.000000	102.228	-68.3346
22.400000	102.421	-69.1266
22.700001	102.596	-69.7385
23.000000	102.790	-70.4438
23.299999	102.993	-71.2686
23.600000	103.199	-72.2116
24.000000	103.471	-73.6321
24.299999	103.669	-74.8030
24.700001	103.924	-76.4983
25.000000	104.105	-77.8721
25.400000	104.330	-79.8352
25.799999	104.528	-81.9193
26.200001	104.698	-84.0777
26.500000	104.806	-85.7193
26.900000	104.925	-87.9172
27.200001	104.996	-89.5608
27.600000	105.065	-91.7261
28.000000	105.104	-93.8258
28.500000	105.113	-96.2962
29.000000	105.082	-98.5446
29.500000	105.009	-100.5150
30.000000	104.890	-102.0262
30.400000	104.777	-102.6960
30.700001	104.705	-102.7955
31.100000	104.674	-102.4366
31.500000	104.760	-101.8054
32.000000	105.045	-101.3833
32.500000	105.444	-102.0812
33.000000	105.823	-104.0318
33.500000	106.096	-106.8565
34.000000	106.236	-110.0526
34.500000	106.254	-113.2424
35.000000	106.170	-116.2002
35.500000	106.013	-118.7552
36.000000	105.820	-120.8255
36.500000	105.629	-122.4991
37.000000	105.453	-124.0393
37.500000	105.266	-125.6583
38.200001	104.890	-127.8610
38.700001	104.518	-128.8597
39.500000	103.871	-128.4248
40.000000	103.558	-126.8624
40.599998	103.380	-124.2211
41.200001	103.453	-121.7023
41.799999	103.702	-120.3422
42.500000	103.967	-120.7232
43.099998	103.984	-121.8790
43.700001	103.800	-122.4070
44.400002	103.528	-121.2873
45.000000	103.416	-119.2078
45.500000	103.433	-117.2074
46.200001	103.612	-114.2854
46.799999	103.932	-111.9416
47.500000	104.477	-110.0799
48.200001	105.123	-109.5136
48.700001	105.611	-110.0063
49.400002	106.258	-112.2650
50.000000	106.646	-115.5992
50.799999	106.747	-120.7727
51.500000	106.450	-124.2469
52.200001	105.963	-125.3585
53.000000	105.550	-123.4103
53.799999	105.604	-120.1959
54.500000	105.940	-118.2899
55.200001	106.397	-117.5103
56.000000	106.961	-118.1961
57.000000	107.455	-120.4468
58.000000	107.876	-122.3943
59.000000	108.172	-125.8109
60.000000	108.031	-127.5144
60.799999	108.148	-126.8041
61.500000	108.423	-127.2841
62.200001	108.599	-128.5036
63.000000	108.758	-129.6064
64.000000	108.982	-131.5239
65.000000	109.108	-133.3690
66.000000	109.310	-135.1067
67.000000	109.474	-137.1573
68.000000	109.680	-138.9031
69.000000	109.870	-141.3298
70.000000	109.939	-143.3191
71.000000	110.082	-144.8758
72.000000	110.237	-147.0035
73.000000	110.341	-149.3870
74.000000	110.409	-152.0758
75.000000	110.397	-155.2596
76.199997	110.052	-159.1149
77.500000	109.453	-158.7239
78.800003	109.629	-156.5305
80.000000	109.930	-157.0881
81.199997	110.187	-158.2971
82.500000	110.387	-160.3108
83.800003	110.509	-162.5023
85.000000	110.547	-164.4125
86.199997	110.587	-166.0342
87.500000	110.634	-167.5970
88.500000	110.718	-168.7217
90.000000	110.856	-170.8893
91.199997	110.929	-172.8020
92.500000	110.976	-174.5570
93.800003	111.076	-176.4961
95.000000	111.078	-178.3215
96.199997	111.134	-179.8035
97.500000	111.155	178.0679
98.800003	111.144	176.3068
100.000000	111.146	174.4702
101.500000	111.081	172.3848
103.000000	111.090	170.4628
104.400002	111.034	168.4232
106.000000	111.014	166.4592
107.500000	110.975	164.3425
109.000000	110.848	162.3090
110.599998	110.734	160.9583
112.000000	110.641	159.5576
113.800003	110.549	158.2875
115.000000	110.500	157.0131
117.199997	110.494	155.1822
118.000000	110.478	154.0711
120.599998	110.319	151.2583
122.000000	110.269	150.4596
124.099998	110.188	148.9550
125.000000	110.172	148.1647
126.500000	110.076	146.9533
128.000000	110.008	145.8811
131.500000	109.821	143.2784
132.000000	109.784	142.8920
134.000000	109.704	141.7125
136.000000	109.559	141.1620
138.000000	109.510	140.7285
140.000000	109.392	139.9382
143.000000	109.149	137.8263
145.000000	109.027	135.9933
147.500000	108.939	134.2106
150.000000	108.789	132.7609
152.500000	108.634	130.9746
155.000000	108.502	129.5404
157.500000	108.284	127.8826
160.000000	108.122	126.4660
162.500000	107.903	124.7494
165.000000	107.648	123.3726
167.500000	107.391	122.4721
170.000000	107.193	121.3558
172.500000	106.957	120.6354
175.000000	106.812	119.6282
177.500000	106.612	118.3036
180.000000	106.432	117.2381
182.500000	106.211	116.5564
185.000000	105.945	115.7785
187.500000	105.716	115.3389
190.000000	105.457	115.0536
192.500000	105.250	114.3709
195.000000	105.003	113.9604
197.500000	104.722	113.6587
200.000000	104.561	113.8362
203.000000	104.368	114.1721
206.000000	104.170	114.3287
209.000000	104.033	114.0387
212.000000	103.973	114.1569
214.000000	103.901	113.2295
218.000000	103.655	112.5393
220.000000	103.487	112.3222
224.000000	103.216	111.8747
227.000000	103.010	111.5002
230.000000	102.874	111.4679
233.000000	102.648	111.1508
236.000000	102.514	111.2706
240.000000	102.230	111.3533
243.000000	101.977	111.7784
247.000000	101.936	113.1454
250.000000	101.926	112.6458
254.000000	101.780	112.1992
258.000000	101.581	111.7084
262.000000	101.354	111.2032
265.000000	101.171	111.3723
269.000000	100.961	111.4305
272.000000	100.799	111.9503
276.000000	100.628	111.7357
280.000000	100.511	111.6522
285.000000	100.283	111.6392
290.000000	100.118	111.5518
295.000000	99.895	111.2567
300.000000	99.715	111.4792
304.000000	99.454	112.3055
307.000000	99.440	111.9771
311.000000	99.200	112.3154
315.000000	99.108	112.9105
320.000000	98.824	112.2600
325.000000	98.612	113.7988
330.000000	98.568	114.1520
335.000000	98.446	113.2560
340.000000	98.127	112.4645
345.000000	97.846	112.2818
350.000000	97.517	111.5417
355.000000	97.425	110.9344
360.000000	97.460	110.7888
365.000000	97.301	113.0309
370.000000	97.044	111.9795
375.000000	96.992	112.6771
382.000000	96.751	113.0195
387.000000	96.595	113.1667
395.000000	96.353	113.6263
400.000000	96.243	113.7708
406.000000	95.990	113.8447
412.000000	95.791	114.2279
418.000000	95.620	114.8055
425.000000	95.347	115.9558
431.000000	95.163	117.2124
437.000000	95.167	118.3702
444.000000	95.151	118.6596
450.000000	95.205	119.3485
455.000000	95.197	119.4424
462.000000	95.166	119.3950
468.000000	95.111	119.3486
475.000000	95.077	118.7105
482.000000	95.007	118.2379
487.000000	94.966	117.7373
494.000000	94.879	117.3851
500.000000	94.900	117.1051
508.000000	94.794	116.5111
515.000000	94.731	115.8669
522.000000	94.709	115.3164
530.000000	94.540	114.7262
538.000000	94.509	113.9502
545.000000	94.385	113.2465
552.000000	94.315	112.5475
560.000000	94.183	111.5089
570.000000	94.090	110.2743
580.000000	93.997	109.4555
590.000000	93.920	108.4503
600.000000	93.853	107.8753
608.000000	93.818	107.2504
615.000000	93.799	106.5494
622.000000	93.894	105.4855
630.000000	93.849	104.3920
640.000000	94.010	103.8425
650.000000	94.080	101.8203
660.000000	94.088	99.8242
670.000000	94.181	98.0233
680.000000	94.148	96.4362
690.000000	94.133	95.1602
700.000000	94.063	93.5541
710.000000	94.033	91.3878
720.000000	94.063	91.3690
730.000000	94.112	90.4276
740.000000	94.128	88.7999
750.000000	94.174	87.9615
762.000000	94.151	86.6544
775.000000	94.378	85.4810
788.000000	94.382	84.3738
800.000000	94.519	82.8944
812.000000	94.791	80.4441
825.000000	94.897	78.7662
838.000000	94.734	76.3792
850.000000	94.720	75.4965
862.000000	94.796	74.7877
875.000000	95.103	73.6459
885.000000	95.156	71.7391
900.000000	95.266	69.0082
912.000000	95.313	67.5159
925.000000	95.364	66.4029
938.000000	95.306	64.8640
950.000000	95.242	61.8778
962.000000	95.315	62.6194
975.000000	95.341	59.8581
988.000000	95.170	58.8619
1000.000000	95.246	58.1173
1015.000000	95.356	57.3234
1030.000000	95.714	60.1469
1044.000000	95.126	55.4908
1060.000000	95.104	63.6310
1075.000000	96.178	70.1667
1090.000000	96.370	77.6682
1106.000000	95.835	73.5093
1120.000000	96.150	76.3776
1138.000000	96.209	74.8257
1150.000000	96.385	74.6431
1172.000000	96.579	72.7208
1180.000000	96.726	72.2757
1206.000000	96.715	70.7868
1220.000000	96.936	71.3404
1241.000000	97.134	70.1192
1250.000000	97.203	69.4237
1265.000000	97.279	68.1888
1280.000000	97.393	67.6589
1315.000000	97.545	65.6095
1320.000000	97.558	65.5508
1340.000000	97.656	64.7283
1360.000000	97.755	63.7840
1380.000000	97.858	62.8448
1400.000000	98.033	61.5420
1430.000000	98.201	60.1773
1450.000000	98.253	59.0114
1475.000000	98.320	57.9767
1500.000000	98.428	56.4647
1525.000000	98.479	55.6401
1550.000000	98.489	54.8209
1575.000000	98.618	54.1666
1600.000000	98.826	53.8695
1625.000000	98.953	53.3145
1650.000000	98.989	52.0056
1675.000000	99.013	50.9843
1700.000000	99.004	51.7721
1725.000000	99.330	52.9534
1750.000000	99.752	52.2973
1775.000000	99.985	51.6930
1800.000000	100.449	51.5132
1825.000000	100.864	49.6306
1850.000000	101.148	47.1282
1875.000000	101.404	45.3019
1900.000000	101.568	43.0490
1925.000000	101.778	41.0819
1950.000000	101.911	39.1178
1975.000000	102.011	37.0227
2000.000000	102.196	35.2441
2030.000000	102.352	33.2753
2060.000000	102.512	30.8188
2090.000000	102.652	28.5502
2120.000000	102.757	26.1774
2140.000000	102.855	25.1780
2180.000000	102.992	22.0529
2200.000000	103.013	20.7220
2240.000000	103.163	17.8345
2270.000000	103.273	16.1013
2300.000000	103.296	14.5619
2330.000000	103.371	12.5176
2360.000000	103.396	10.4701
2400.000000	103.444	7.6172
2430.000000	103.431	6.3465
2470.000000	103.499	3.7683
2500.000000	103.398	2.0657
2540.000000	103.169	0.0222
2580.000000	102.758	2.4929
2620.000000	103.463	6.7703
2650.000000	104.191	5.0777
2690.000000	104.867	1.0964
2720.000000	105.149	-3.2836
2760.000000	105.100	-7.0596
2800.000000	105.398	-9.2985
2850.000000	105.673	-13.5729
2900.000000	105.816	-18.6998
2950.000000	105.778	-23.1754
3000.000000	105.858	-28.2520
3040.000000	105.704	-31.7333
3070.000000	105.592	-33.6451
3110.000000	105.584	-36.7135
3150.000000	105.302	-40.1367
3200.000000	105.132	-43.4971
3250.000000	104.895	-46.9215
3300.000000	104.752	-50.6919
3350.000000	104.070	-54.6589
3400.000000	103.810	-57.2468
3450.000000	103.409	-58.3853
3500.000000	102.882	-59.8650
3550.000000	101.919	-62.9697
3600.000000	101.267	-57.8156
3650.000000	100.202	-54.4600
3700.000000	100.424	-47.3783
3750.000000	102.154	-34.6694
3820.000000	102.347	-87.8352
3870.000000	105.220	-118.7051
3950.000000	102.573	-126.6778
4000.000000	101.403	-135.8698
4060.000000	100.342	-135.6116
4120.000000	99.732	-136.6065
4180.000000	99.099	-139.3375
4250.000000	98.374	-139.5460
4310.000000	98.010	-138.0353
4370.000000	98.103	-137.5724
4440.000000	98.569	-140.3327
4500.000000	99.004	-144.5829
4550.000000	99.322	-149.9233
4620.000000	99.443	-159.7540
4680.000000	99.296	-168.5909
4750.000000	98.855	-177.7046
4820.000000	98.156	174.2585
4870.000000	97.863	169.6118
4940.000000	97.459	162.9744
5000.000000	97.201	156.2217
5080.000000	96.650	149.9774
5150.000000	96.718	144.9245
5220.000000	96.927	140.2408
5300.000000	97.133	133.8710
5380.000000	97.652	127.0444
5450.000000	97.982	118.3732
5520.000000	98.055	114.5063
5600.000000	98.838	107.7015
5700.000000	99.946	99.3414
5800.000000	100.510	89.4408
5900.000000	101.786	78.2076
6000.000000	103.095	65.5823
6080.000000	103.729	58.4486
6150.000000	104.609	48.6211
6220.000000	105.694	36.7526
6300.000000	106.507	17.8265
6400.000000	106.139	0.7542
6500.000000	105.265	-17.7838
6600.000000	103.621	-38.3789
6700.000000	102.577	-40.1443
6800.000000	102.311	-48.7197
6900.000000	97.567	39.5718
7000.000000	98.418	72.9559
7100.000000	95.610	79.1633
7200.000000	95.883	89.3317
7300.000000	94.885	98.1961
7400.000000	95.570	112.1790
7500.000000	96.266	120.4117
7620.000000	98.064	130.8135
7750.000000	100.402	131.2966
7880.000000	102.351	126.7665
8000.000000	103.704	119.7484
8120.000000	104.653	111.7622
8250.000000	105.113	103.4900
8380.000000	105.505	96.2032
8500.000000	105.649	90.6425
8620.000000	105.973	85.8944
8750.000000	106.495	79.5364
8850.000000	106.959	73.6551
9000.000000	107.420	60.2031
9120.000000	107.227	47.6484
9250.000000	106.340	33.5421
9380.000000	104.750	21.4586
9500.000000	102.862	14.1092
9620.000000	100.829	9.7167
9750.000000	98.523	9.6691
9880.000000	96.363	13.7043
10000.000000	94.928	19.8386
10150.000000	93.837	24.9218
10300.000000	91.793	28.1197
10440.000000	90.026	38.8061
10600.000000	87.864	44.2915
10750.000000	83.004	65.1569
10900.000000	83.076	133.9213
11060.000000	89.970	162.7228
11200.000000	95.316	169.4924
11380.000000	101.088	156.0347
11500.000000	102.813	138.0363
11720.000000	102.824	117.6886
11800.000000	102.657	114.0790
12060.000000	102.300	110.6263
12200.000000	102.377	112.3682
12410.000000	103.477	116.7772
12500.000000	104.348	116.9575
12650.000000	105.961	113.4859
12800.000000	107.670	105.1294
13150.000000	108.107	69.2535
13200.000000	107.853	65.1219
13400.000000	106.258	54.5640
13600.000000	105.159	48.3396
13800.000000	104.205	40.0447
14000.000000	102.880	29.3218
14300.000000	99.730	17.4304
14500.000000	97.585	10.4189
14750.000000	93.806	-4.2166
15000.000000	87.284	-11.7153
15250.000000	79.315	-18.5342
15500.000000	75.352	-166.3889
15750.000000	84.027	141.9023
16000.000000	81.332	107.2747
16250.000000	67.014	162.3313
16500.000000	80.311	-125.6854
16750.000000	86.038	-133.6824
17000.000000	82.928	-166.9877
17250.000000	48.411	-156.3809
17500.000000	48.481	36.9180
17750.000000	47.123	22.4375
18000.000000	47.828	28.4336
18250.000000	36.908	21.1641
18500.000000	45.281	-22.5781
18750.000000	46.589	108.6406
19000.000000	33.768	84.4219
19250.000000	42.831	43.5781
19500.000000	49.963	-36.6406
19750.000000	47.850	-153.7344
