* Measurement data measured by REW V5.31.1
* Source: EXCL: Micrófono (Realtek(R) Audio), MICROPHONE (Volumen general), L, volume: 0,900. Timing signal peak level -9,1 dBFS, measurement signal peak level -7,5 dBFS
* Format: 512k Log Swept Sine, 1 sweep using an acoustic timing reference
* Dated: 7/09/2025 10:33:42 PM
* REW Settings:
*  C-weighting compensation: Off
*  Target level: 75.0 dB
* Note: Delay -0,0349 ms (-12 mm, -0,47 in) using estimated IR delay relative to Acoustic reference played from 0-20k_R_refR.wav with no timing offset Clock adjustment: 21,5 ppm
* Measurement: l blue
* Smoothing: None
* Frequency Step: 1/48 octave
* Start Frequency: 20.000 Hz
*
* Freq(Hz)	SPL(dB)	Phase(degrees)
20.000000	105.795	-119.9867
20.299999	105.800	-121.2405
20.600000	105.778	-122.3368
20.900000	105.743	-123.1656
21.200001	105.719	-123.6760
21.400000	105.727	-123.8917
21.799999	105.811	-124.2602
22.000000	105.884	-124.5466
22.400000	106.062	-125.5617
22.700001	106.183	-126.7277
23.000000	106.262	-128.1105
23.299999	106.291	-129.5000
23.600000	106.283	-130.7288
24.000000	106.252	-131.9728
24.299999	106.247	-132.6661
24.700001	106.288	-133.5262
25.000000	106.342	-134.3158
25.400000	106.411	-135.6649
25.799999	106.438	-137.2180
26.200001	106.412	-138.7123
26.500000	106.371	-139.6819
26.900000	106.312	-140.7646
27.200001	106.273	-141.4882
27.600000	106.223	-142.4357
28.000000	106.160	-143.3864
28.500000	106.043	-144.4268
29.000000	105.897	-145.0642
29.500000	105.757	-145.1978
30.000000	105.660	-144.8563
30.400000	105.641	-144.3083
30.700001	105.677	-143.8188
31.100000	105.803	-143.3031
31.500000	106.004	-143.2646
32.000000	106.286	-144.2592
32.500000	106.481	-146.3193
33.000000	106.507	-148.7742
33.500000	106.376	-150.8344
34.000000	106.178	-152.0073
34.500000	106.018	-152.4144
35.000000	105.934	-152.5428
35.500000	105.897	-152.7486
36.000000	105.871	-152.9915
36.500000	105.866	-153.1381
37.000000	105.914	-153.3266
37.500000	106.010	-153.9276
38.200001	106.104	-155.8468
38.700001	106.049	-157.6968
39.500000	105.719	-160.1501
40.000000	105.436	-160.8960
40.599998	105.099	-161.0759
41.200001	104.782	-160.7932
41.799999	104.463	-160.0079
42.500000	104.132	-158.1312
43.099998	103.963	-155.8281
43.700001	103.925	-153.2741
44.400002	104.057	-150.2377
45.000000	104.349	-148.0411
45.500000	104.682	-147.0095
46.200001	105.150	-146.8940
46.799999	105.486	-147.5682
47.500000	105.814	-149.0363
48.200001	105.996	-151.3455
48.700001	105.968	-153.0875
49.400002	105.734	-154.5258
50.000000	105.498	-154.3669
50.799999	105.313	-152.8147
51.500000	105.308	-150.8804
52.200001	105.488	-148.8382
53.000000	105.938	-147.4598
53.799999	106.499	-148.3353
54.500000	106.853	-151.1484
55.200001	106.896	-154.9063
56.000000	106.548	-158.4079
57.000000	105.815	-159.6164
58.000000	105.159	-156.7581
59.000000	105.063	-151.7136
60.000000	105.326	-148.2334
60.799999	105.573	-145.7293
61.500000	105.910	-143.7316
62.200001	106.302	-142.4948
63.000000	106.735	-141.6127
64.000000	107.310	-141.1710
65.000000	107.838	-141.6691
66.000000	108.332	-142.5310
67.000000	108.793	-144.1444
68.000000	109.158	-145.9628
69.000000	109.516	-147.8132
70.000000	109.847	-149.9817
71.000000	110.137	-152.2495
72.000000	110.389	-154.5717
73.000000	110.605	-156.8854
74.000000	110.779	-159.1855
75.000000	110.929	-161.3047
76.199997	111.124	-164.1027
77.500000	111.223	-167.6664
78.800003	111.241	-170.9699
80.000000	111.210	-174.4385
81.199997	110.985	-178.0427
82.500000	110.375	179.4158
83.800003	109.848	-177.3755
85.000000	110.314	-174.9041
86.199997	110.713	-176.7192
87.500000	110.837	-179.0685
88.500000	110.860	179.5439
90.000000	110.954	177.5390
91.199997	110.983	175.7636
92.500000	111.003	174.1478
93.800003	111.069	172.5928
95.000000	111.064	170.8263
96.199997	111.049	169.7016
97.500000	111.073	168.0990
98.800003	111.065	166.5628
100.000000	111.065	164.9596
101.500000	111.064	162.8639
103.000000	110.993	160.5056
104.400002	110.901	158.6758
106.000000	110.766	156.8812
107.500000	110.713	155.3724
109.000000	110.613	153.4023
110.599998	110.476	151.7303
112.000000	110.370	150.4046
113.800003	110.250	148.6820
115.000000	110.154	147.4374
117.199997	109.966	145.4914
118.000000	109.879	144.7650
120.599998	109.673	143.1229
122.000000	109.614	142.1161
124.099998	109.433	140.1562
125.000000	109.355	139.4315
126.500000	109.204	138.2126
128.000000	109.108	137.0017
131.500000	108.790	134.6503
132.000000	108.749	134.1180
134.000000	108.487	133.1834
136.000000	108.416	131.7628
138.000000	108.169	130.1573
140.000000	108.010	129.3576
143.000000	107.682	127.8738
145.000000	107.470	126.5345
147.500000	107.185	125.2454
150.000000	106.889	124.3281
152.500000	106.594	123.3784
155.000000	106.330	122.9299
157.500000	106.201	122.4758
160.000000	106.014	121.4619
162.500000	105.776	120.5276
165.000000	105.532	119.0658
167.500000	105.299	118.1583
170.000000	105.104	117.5554
172.500000	104.841	116.9473
175.000000	104.568	116.1003
177.500000	104.277	115.4199
180.000000	104.092	114.6969
182.500000	103.886	114.3541
185.000000	103.619	113.8907
187.500000	103.367	113.5469
190.000000	103.020	113.0181
192.500000	102.767	113.0054
195.000000	102.519	113.0070
197.500000	102.272	113.1272
200.000000	102.053	112.9453
203.000000	101.738	112.9789
206.000000	101.478	113.2595
209.000000	101.229	112.8488
212.000000	100.973	113.0914
214.000000	100.807	113.3983
218.000000	100.458	114.2520
220.000000	100.370	114.1653
224.000000	100.160	113.6520
227.000000	99.828	114.0082
230.000000	99.539	114.0482
233.000000	99.234	114.3863
236.000000	99.012	114.9402
240.000000	98.603	116.2847
243.000000	98.340	117.1290
247.000000	98.223	118.2517
250.000000	98.091	118.3560
254.000000	97.758	119.2786
258.000000	97.507	120.4091
262.000000	97.301	121.5325
265.000000	97.116	122.6023
269.000000	96.991	124.0150
272.000000	96.765	124.6016
276.000000	96.704	125.8698
280.000000	96.601	126.9930
285.000000	96.494	127.8704
290.000000	96.356	129.5006
295.000000	96.191	130.2634
300.000000	96.075	131.3171
304.000000	95.944	132.4702
307.000000	95.918	132.6688
311.000000	95.734	133.4321
315.000000	95.709	134.3866
320.000000	95.595	134.8865
325.000000	95.443	135.6469
330.000000	95.287	136.1587
335.000000	95.094	137.5692
340.000000	95.012	138.5251
345.000000	94.907	140.0919
350.000000	94.662	141.1146
355.000000	94.591	141.7145
360.000000	94.580	143.1831
365.000000	94.522	144.4554
370.000000	94.438	144.8209
375.000000	94.423	145.9352
382.000000	94.353	147.6887
387.000000	94.282	147.9124
395.000000	94.248	149.5885
400.000000	94.217	150.6514
406.000000	94.134	151.8163
412.000000	94.179	152.4219
418.000000	94.098	153.8250
425.000000	94.069	154.4870
431.000000	94.073	155.2295
437.000000	94.052	156.9486
444.000000	94.094	158.3616
450.000000	94.070	158.5932
455.000000	94.204	158.8622
462.000000	94.127	159.6849
468.000000	94.217	159.9042
475.000000	94.207	160.4801
482.000000	94.111	161.0777
487.000000	94.242	161.6260
494.000000	94.114	162.2309
500.000000	94.112	162.7142
508.000000	94.064	162.7208
515.000000	94.064	163.4373
522.000000	94.087	164.1743
530.000000	94.072	164.3616
538.000000	93.986	165.0370
545.000000	93.943	165.2764
552.000000	93.972	166.0025
560.000000	93.849	166.6363
570.000000	93.835	166.6094
580.000000	93.782	167.4771
590.000000	93.727	167.9558
600.000000	93.665	169.1636
608.000000	93.597	169.3862
615.000000	93.522	169.8745
622.000000	93.389	170.5255
630.000000	93.343	171.1247
640.000000	93.258	171.5279
650.000000	93.091	172.7083
660.000000	93.052	174.3668
670.000000	92.918	175.3830
680.000000	92.826	177.1127
690.000000	92.770	177.5067
700.000000	92.735	179.4663
710.000000	92.707	-178.7145
720.000000	92.673	-176.5118
730.000000	92.723	-175.1810
740.000000	92.785	-173.7673
750.000000	92.908	-171.9114
762.000000	93.041	-171.1364
775.000000	93.215	-168.8350
788.000000	93.461	-168.5455
800.000000	93.507	-167.8694
812.000000	93.626	-166.9475
825.000000	93.887	-166.2478
838.000000	93.876	-166.4186
850.000000	94.044	-165.3575
862.000000	94.184	-165.1826
875.000000	94.222	-165.0338
885.000000	94.271	-165.3560
900.000000	94.279	-165.5012
912.000000	94.081	-165.8591
925.000000	93.924	-164.5212
938.000000	93.871	-162.6702
950.000000	93.969	-160.9600
962.000000	94.053	-159.5928
975.000000	94.209	-158.3406
988.000000	94.327	-157.0959
1000.000000	94.401	-156.2352
1015.000000	94.605	-155.4592
1030.000000	94.768	-155.2573
1044.000000	95.011	-154.5682
1060.000000	95.118	-154.8141
1075.000000	95.284	-154.4333
1090.000000	95.398	-154.2889
1106.000000	95.613	-154.4160
1120.000000	95.701	-154.5663
1138.000000	95.859	-155.2144
1150.000000	95.920	-156.0734
1172.000000	95.614	-158.8566
1180.000000	95.393	-158.9996
1206.000000	94.712	-153.3695
1220.000000	95.014	-150.8472
1241.000000	95.447	-148.7028
1250.000000	95.529	-148.5866
1265.000000	95.798	-148.0112
1280.000000	95.953	-148.2200
1315.000000	96.277	-148.9586
1320.000000	96.327	-149.7214
1340.000000	96.190	-151.1923
1360.000000	95.596	-150.7140
1380.000000	95.690	-145.8837
1400.000000	95.997	-144.1598
1430.000000	96.314	-143.5037
1450.000000	96.463	-142.7665
1475.000000	96.588	-142.0167
1500.000000	96.666	-141.0862
1525.000000	96.851	-139.9427
1550.000000	96.976	-139.8457
1575.000000	97.062	-137.7865
1600.000000	97.267	-136.6490
1625.000000	97.551	-135.2163
1650.000000	97.803	-134.6819
1675.000000	97.951	-134.4097
1700.000000	98.209	-131.5084
1725.000000	98.623	-130.8818
1750.000000	98.926	-131.3047
1775.000000	99.247	-130.6530
1800.000000	99.567	-131.2636
1825.000000	99.905	-130.9567
1850.000000	100.169	-130.9396
1875.000000	100.412	-131.2737
1900.000000	100.789	-131.8334
1925.000000	101.067	-132.6611
1950.000000	101.308	-133.3422
1975.000000	101.572	-134.3828
2000.000000	101.796	-135.1340
2030.000000	102.048	-137.2846
2060.000000	102.219	-138.0255
2090.000000	102.361	-139.1783
2120.000000	102.600	-140.1295
2140.000000	102.667	-140.7014
2180.000000	102.800	-142.0648
2200.000000	102.980	-142.6675
2240.000000	103.223	-144.1594
2270.000000	103.379	-145.3569
2300.000000	103.530	-145.9857
2330.000000	103.726	-147.6674
2360.000000	103.828	-149.4491
2400.000000	103.939	-151.4937
2430.000000	103.998	-152.7799
2470.000000	103.998	-154.5281
2500.000000	104.036	-155.9843
2540.000000	104.119	-157.2448
2580.000000	103.824	-158.9399
2620.000000	103.750	-156.3370
2650.000000	104.306	-155.9461
2690.000000	104.564	-158.8215
2720.000000	104.523	-159.3407
2760.000000	104.946	-158.8536
2800.000000	105.612	-160.4013
2850.000000	106.148	-167.2324
2900.000000	106.169	-173.4010
2950.000000	106.076	-178.6074
3000.000000	105.854	176.8574
3040.000000	105.626	173.4982
3070.000000	105.480	170.8173
3110.000000	105.167	167.1401
3150.000000	104.869	163.5453
3200.000000	104.324	160.0807
3250.000000	103.713	155.6110
3300.000000	102.987	152.1300
3350.000000	102.086	149.9610
3400.000000	101.173	148.0660
3450.000000	99.973	147.3228
3500.000000	98.720	147.4051
3550.000000	97.340	149.6088
3600.000000	95.805	155.8002
3650.000000	94.618	167.1531
3700.000000	94.370	-177.0849
3750.000000	95.505	-161.0140
3820.000000	98.986	-152.9076
3870.000000	101.186	-162.6913
3950.000000	101.189	176.2853
4000.000000	99.886	169.8177
4060.000000	98.253	170.8687
4120.000000	98.286	177.0552
4180.000000	97.804	174.8347
4250.000000	97.026	175.5522
4310.000000	96.320	178.3269
4370.000000	95.810	-176.7569
4440.000000	95.293	-169.7940
4500.000000	95.346	-163.1547
4550.000000	95.580	-158.6785
4620.000000	96.424	-153.0926
4680.000000	97.047	-150.4719
4750.000000	97.813	-150.6658
4820.000000	98.154	-151.8863
4870.000000	98.326	-152.7354
4940.000000	98.386	-153.6797
5000.000000	98.326	-153.4509
5080.000000	98.408	-153.0894
5150.000000	98.322	-151.9207
5220.000000	98.372	-150.2645
5300.000000	98.428	-149.0923
5380.000000	98.451	-145.9612
5450.000000	98.583	-143.6802
5520.000000	98.724	-140.5436
5600.000000	99.292	-136.2391
5700.000000	100.745	-132.6593
5800.000000	102.012	-135.7051
5900.000000	102.819	-142.3641
6000.000000	102.958	-146.5447
6080.000000	103.107	-149.5825
6150.000000	103.170	-151.3835
6220.000000	103.252	-153.9793
6300.000000	103.362	-156.8368
6400.000000	103.197	-159.9728
6500.000000	102.956	-162.1512
6600.000000	102.801	-161.8184
6700.000000	103.085	-162.7233
6800.000000	103.446	-165.3547
6900.000000	103.562	-171.1226
7000.000000	103.056	-176.6835
7100.000000	102.325	179.9140
7200.000000	101.379	179.0468
7300.000000	100.764	-179.5493
7400.000000	100.156	-177.8824
7500.000000	99.758	-176.1886
7620.000000	99.190	-173.9944
7750.000000	98.739	-169.1727
7880.000000	98.534	-162.6594
8000.000000	98.718	-155.4514
8120.000000	99.540	-148.8490
8250.000000	100.636	-145.6648
8380.000000	102.115	-147.0901
8500.000000	103.250	-151.6120
8620.000000	103.843	-157.7380
8750.000000	104.344	-163.8545
8850.000000	104.660	-169.4955
9000.000000	104.944	178.0632
9120.000000	104.142	166.5966
9250.000000	102.570	159.7746
9380.000000	101.163	158.1000
9500.000000	100.000	157.1771
9620.000000	98.892	158.9887
9750.000000	97.922	163.5954
9880.000000	97.722	165.2441
10000.000000	96.934	163.6910
10150.000000	95.646	166.5742
10300.000000	94.998	174.2261
10440.000000	94.967	176.3435
10600.000000	93.456	173.3131
10750.000000	90.023	-177.7010
10900.000000	88.275	-134.7946
11060.000000	93.117	-104.5376
11200.000000	97.882	-100.2222
11380.000000	102.081	-116.8890
11500.000000	103.074	-129.9004
11720.000000	103.787	-144.4596
11800.000000	104.167	-149.9815
12060.000000	103.730	-170.3265
12200.000000	102.582	-174.1931
12410.000000	102.394	-171.2317
12500.000000	102.680	-171.4760
12650.000000	103.437	-173.6366
12800.000000	104.412	177.6565
13150.000000	103.532	151.1175
13200.000000	103.266	149.0699
13400.000000	102.344	141.5374
13600.000000	101.867	131.7971
13800.000000	100.640	117.9067
14000.000000	98.523	109.2639
14300.000000	96.962	100.3030
14500.000000	96.041	84.9960
14750.000000	93.206	59.0211
15000.000000	90.106	34.1148
15250.000000	88.135	-11.1072
15500.000000	86.721	-68.7821
15750.000000	84.149	-117.3723
16000.000000	78.742	-122.5906
16250.000000	78.062	-92.1930
16500.000000	80.860	-74.7817
16750.000000	84.110	-67.3767
17000.000000	80.249	-119.9331
17250.000000	44.927	-172.3730
17500.000000	43.503	3.5742
17750.000000	47.436	-49.1562
18000.000000	35.173	35.5391
18250.000000	44.662	-100.8672
18500.000000	47.472	-133.1016
18750.000000	45.320	36.3750
19000.000000	52.094	84.2656
19250.000000	49.119	-154.4453
19500.000000	50.828	-101.8984
19750.000000	42.486	88.4844
