* Measurement data measured by REW V5.31.1
* Source: EXCL: Micrófono (Realtek(R) Audio), MICROPHONE (Volumen general), L, volume: 0,900. Timing signal peak level -13,3 dBFS, measurement signal peak level -8,4 dBFS
* Format: 512k Log Swept Sine, 1 sweep at -12,0 dBFS using an acoustic timing reference
* Dated: 7/09/2025 10:34:52 PM
* REW Settings:
*  C-weighting compensation: Off
*  Target level: 75.0 dB
* Note: Delay -0,0190 ms (-6,5 mm, -0,26 in) using estimated IR delay relative to Acoustic reference played from HEADPHONE L with no timing offset Clock adjustment: 19,6 ppm
* Measurement: L 1051
* Smoothing: None
* Frequency Step: 1/48 octave
* Start Frequency: 20.000 Hz
*
* Freq(Hz)	SPL(dB)	Phase(degrees)
20.000000	102.027	-161.4787
20.299999	102.001	-162.3598
20.600000	101.938	-163.2382
20.900000	101.833	-163.9459
21.200001	101.701	-164.2811
21.400000	101.619	-164.2299
21.799999	101.522	-163.5920
22.000000	101.526	-163.1517
22.400000	101.654	-162.5064
22.700001	101.817	-162.5784
23.000000	101.976	-163.2540
23.299999	102.087	-164.3712
23.600000	102.129	-165.6764
24.000000	102.083	-167.2712
24.299999	102.007	-168.1134
24.700001	101.913	-168.7309
25.000000	101.880	-169.0009
25.400000	101.888	-169.4497
25.799999	101.915	-170.2407
26.200001	101.908	-171.3040
26.500000	101.870	-172.1173
26.900000	101.787	-173.0421
27.200001	101.718	-173.5735
27.600000	101.638	-174.1315
28.000000	101.572	-174.6628
28.500000	101.490	-175.3986
29.000000	101.385	-176.0936
29.500000	101.268	-176.5646
30.000000	101.174	-176.8317
30.400000	101.126	-177.0614
30.700001	101.099	-177.3263
31.100000	101.051	-177.8203
31.500000	100.973	-178.3727
32.000000	100.827	-178.8438
32.500000	100.674	-178.7847
33.000000	100.591	-178.2872
33.500000	100.615	-177.8538
34.000000	100.703	-178.0003
34.500000	100.773	-178.8078
35.000000	100.774	-179.9907
35.500000	100.704	178.8019
36.000000	100.585	177.7441
36.500000	100.435	176.8578
37.000000	100.263	176.1399
37.500000	100.074	175.6131
38.200001	99.801	175.2039
38.700001	99.612	175.0777
39.500000	99.316	174.9755
40.000000	99.120	174.9509
40.599998	98.862	175.0447
41.200001	98.585	175.4018
41.799999	98.309	176.0624
42.500000	97.996	177.1498
43.099998	97.730	178.3862
43.700001	97.476	-179.9342
44.400002	97.245	-177.3863
45.000000	97.130	-174.8902
45.500000	97.094	-172.6776
46.200001	97.158	-169.4389
46.799999	97.346	-166.8773
47.500000	97.671	-164.7334
48.200001	98.018	-163.4217
48.700001	98.283	-162.8556
49.400002	98.686	-162.9722
50.000000	98.959	-164.2207
50.799999	99.038	-166.4838
51.500000	98.914	-167.4869
52.200001	98.824	-167.5173
53.000000	98.797	-167.5603
53.799999	98.747	-167.6478
54.500000	98.732	-167.5428
55.200001	98.757	-167.9624
56.000000	98.639	-169.4391
57.000000	98.026	-170.3579
58.000000	97.303	-166.9624
59.000000	97.065	-161.3901
60.000000	97.139	-156.3650
60.799999	97.341	-152.6730
61.500000	97.609	-149.8231
62.200001	97.956	-147.4052
63.000000	98.416	-145.4840
64.000000	98.956	-144.0841
65.000000	99.489	-143.0655
66.000000	100.023	-142.6899
67.000000	100.544	-142.7328
68.000000	101.030	-143.5063
69.000000	101.417	-144.4253
70.000000	101.805	-145.3728
71.000000	102.159	-146.7409
72.000000	102.464	-148.3083
73.000000	102.711	-150.0450
74.000000	102.916	-151.7436
75.000000	103.068	-153.6053
76.199997	103.154	-155.2815
77.500000	103.312	-156.7537
78.800003	103.434	-158.3416
80.000000	103.554	-159.8313
81.199997	103.630	-161.3389
82.500000	103.709	-163.0325
83.800003	103.716	-164.6852
85.000000	103.699	-165.8497
86.199997	103.722	-166.7397
87.500000	103.741	-168.0025
88.500000	103.744	-168.7112
90.000000	103.751	-170.1615
91.199997	103.684	-170.8428
92.500000	103.690	-171.4066
93.800003	103.688	-172.1384
95.000000	103.669	-172.8631
96.199997	103.617	-173.1353
97.500000	103.685	-173.1559
98.800003	103.777	-173.8146
100.000000	103.838	-174.4515
101.500000	103.913	-175.3466
103.000000	103.991	-176.3200
104.400002	104.049	-177.4904
106.000000	104.048	-178.9930
107.500000	104.065	179.9986
109.000000	104.019	178.4997
110.599998	104.013	177.5181
112.000000	103.953	176.3537
113.800003	103.881	175.2332
115.000000	103.833	174.5993
117.199997	103.743	173.5789
118.000000	103.717	173.2088
120.599998	103.643	172.0148
122.000000	103.600	171.3665
124.099998	103.527	170.2882
125.000000	103.497	169.8045
126.500000	103.413	168.9977
128.000000	103.335	168.4431
131.500000	103.173	167.3137
132.000000	103.160	167.1606
134.000000	103.076	166.5164
136.000000	102.979	165.7548
138.000000	102.881	165.1852
140.000000	102.803	164.6148
143.000000	102.658	163.6239
145.000000	102.550	163.0190
147.500000	102.419	162.7082
150.000000	102.284	162.3931
152.500000	102.203	162.3537
155.000000	102.172	161.8509
157.500000	102.115	161.0905
160.000000	102.039	160.3231
162.500000	101.922	159.6605
165.000000	101.795	159.0284
167.500000	101.696	158.4906
170.000000	101.565	158.0646
172.500000	101.452	157.4874
175.000000	101.314	157.0453
177.500000	101.187	156.6674
180.000000	101.051	156.3148
182.500000	100.920	155.9748
185.000000	100.789	155.7067
187.500000	100.661	155.3811
190.000000	100.525	155.1669
192.500000	100.369	155.0735
195.000000	100.241	154.9318
197.500000	100.107	155.0038
200.000000	99.985	154.9738
203.000000	99.846	155.0095
206.000000	99.701	155.0148
209.000000	99.540	155.1740
212.000000	99.411	155.3156
214.000000	99.288	155.6244
218.000000	99.182	156.0659
220.000000	99.122	155.9300
224.000000	98.960	155.7494
227.000000	98.802	155.6325
230.000000	98.631	155.8945
233.000000	98.449	156.1190
236.000000	98.284	156.5390
240.000000	98.067	157.4561
243.000000	97.927	158.3713
247.000000	97.877	159.7405
250.000000	97.844	159.9837
254.000000	97.687	160.1875
258.000000	97.558	161.1886
262.000000	97.451	162.2193
265.000000	97.405	162.9401
269.000000	97.376	163.7760
272.000000	97.335	164.3223
276.000000	97.311	165.0422
280.000000	97.260	165.8224
285.000000	97.251	166.5571
290.000000	97.222	167.2684
295.000000	97.209	167.7342
300.000000	97.183	168.2970
304.000000	97.165	168.7101
307.000000	97.143	168.9003
311.000000	97.126	169.1503
315.000000	97.099	169.3125
320.000000	97.051	169.6328
325.000000	96.990	169.8204
330.000000	96.909	170.1553
335.000000	96.827	170.6045
340.000000	96.750	171.1140
345.000000	96.678	171.9849
350.000000	96.603	172.6497
355.000000	96.606	173.3474
360.000000	96.563	173.9424
365.000000	96.555	174.4084
370.000000	96.533	175.0580
375.000000	96.504	175.5923
382.000000	96.487	176.2861
387.000000	96.480	176.7395
395.000000	96.458	177.6780
400.000000	96.441	177.8757
406.000000	96.448	178.3121
412.000000	96.413	178.8332
418.000000	96.406	179.2992
425.000000	96.364	179.9116
431.000000	96.342	-179.7404
437.000000	96.326	-179.3618
444.000000	96.321	-178.8100
450.000000	96.314	-178.4648
455.000000	96.305	-178.0058
462.000000	96.271	-177.5596
468.000000	96.268	-177.1807
475.000000	96.241	-176.9101
482.000000	96.204	-176.4468
487.000000	96.170	-176.0586
494.000000	96.123	-175.7398
500.000000	96.081	-175.2627
508.000000	96.031	-174.7704
515.000000	95.995	-174.0885
522.000000	95.984	-173.7340
530.000000	95.927	-173.1306
538.000000	95.888	-172.4224
545.000000	95.871	-171.8683
552.000000	95.844	-171.4988
560.000000	95.791	-170.6273
570.000000	95.760	-169.8169
580.000000	95.702	-169.0415
590.000000	95.684	-168.1877
600.000000	95.601	-167.5121
608.000000	95.559	-166.8790
615.000000	95.513	-166.1625
622.000000	95.470	-165.4680
630.000000	95.420	-164.8542
640.000000	95.362	-163.7485
650.000000	95.298	-162.7784
660.000000	95.240	-161.5166
670.000000	95.208	-160.2212
680.000000	95.188	-158.8319
690.000000	95.132	-157.7133
700.000000	95.096	-156.0085
710.000000	95.059	-154.5315
720.000000	95.100	-153.0142
730.000000	95.155	-151.1107
740.000000	95.201	-149.3455
750.000000	95.305	-147.6800
762.000000	95.466	-145.7999
775.000000	95.671	-144.1404
788.000000	95.904	-142.6421
800.000000	96.144	-141.5026
812.000000	96.344	-140.7196
825.000000	96.556	-140.2267
838.000000	96.712	-139.5407
850.000000	96.863	-139.1262
862.000000	96.993	-138.8373
875.000000	97.178	-138.6891
885.000000	97.263	-138.7420
900.000000	97.281	-139.4745
912.000000	97.109	-139.3891
925.000000	96.970	-137.6914
938.000000	96.976	-135.3986
950.000000	97.087	-133.7743
962.000000	97.248	-132.2739
975.000000	97.437	-131.0053
988.000000	97.592	-129.9221
1000.000000	97.766	-128.9059
1015.000000	97.984	-127.7768
1030.000000	98.212	-126.8649
1044.000000	98.392	-126.0469
1060.000000	98.630	-125.0545
1075.000000	98.893	-124.3494
1090.000000	99.160	-123.9211
1106.000000	99.424	-123.7432
1120.000000	99.616	-123.6547
1138.000000	99.879	-123.5142
1150.000000	100.111	-123.8065
1172.000000	100.315	-125.8086
1180.000000	100.273	-126.3870
1206.000000	99.742	-125.9576
1220.000000	99.717	-122.1844
1241.000000	100.244	-118.6514
1250.000000	100.508	-117.9539
1265.000000	100.909	-117.4910
1280.000000	101.261	-117.7553
1315.000000	101.888	-119.7377
1320.000000	101.944	-120.1854
1340.000000	101.918	-122.1582
1360.000000	101.618	-121.4779
1380.000000	101.711	-118.2933
1400.000000	102.129	-116.3207
1430.000000	102.730	-115.7644
1450.000000	103.072	-116.0130
1475.000000	103.432	-116.2206
1500.000000	103.784	-116.5617
1525.000000	104.107	-117.2147
1550.000000	104.340	-117.8422
1575.000000	104.585	-117.8924
1600.000000	104.858	-118.1461
1625.000000	105.223	-118.2238
1650.000000	105.534	-119.7469
1675.000000	105.615	-120.5425
1700.000000	105.866	-119.6254
1725.000000	106.292	-120.1478
1750.000000	106.615	-121.2925
1775.000000	106.885	-122.3948
1800.000000	107.136	-123.4961
1825.000000	107.379	-124.4429
1850.000000	107.631	-125.5107
1875.000000	107.894	-126.6651
1900.000000	108.154	-128.0092
1925.000000	108.378	-129.5820
1950.000000	108.596	-131.1877
1975.000000	108.779	-132.8792
2000.000000	108.934	-134.6356
2030.000000	109.081	-136.7540
2060.000000	109.175	-138.6024
2090.000000	109.283	-140.2125
2120.000000	109.413	-141.9094
2140.000000	109.493	-143.0958
2180.000000	109.616	-145.4915
2200.000000	109.675	-146.5831
2240.000000	109.796	-149.0212
2270.000000	109.862	-150.8945
2300.000000	109.901	-152.8396
2330.000000	109.908	-154.7211
2360.000000	109.891	-156.5039
2400.000000	109.862	-158.6778
2430.000000	109.817	-160.2654
2470.000000	109.757	-162.0538
2500.000000	109.749	-163.4106
2540.000000	109.677	-166.2071
2580.000000	109.247	-168.4069
2620.000000	108.873	-165.3166
2650.000000	109.372	-164.9972
2690.000000	109.461	-167.3004
2720.000000	109.413	-167.7561
2760.000000	109.726	-166.9044
2800.000000	110.336	-169.4745
2850.000000	110.608	-175.7012
2900.000000	110.477	178.8614
2950.000000	110.227	174.5618
3000.000000	109.974	170.6200
3040.000000	109.734	167.4715
3070.000000	109.520	165.0919
3110.000000	109.187	161.9798
3150.000000	108.806	159.0623
3200.000000	108.246	155.5170
3250.000000	107.594	152.3657
3300.000000	106.833	149.6264
3350.000000	105.985	147.5325
3400.000000	105.046	146.2344
3450.000000	104.017	145.6089
3500.000000	102.808	145.9245
3550.000000	101.427	148.4118
3600.000000	100.003	154.3709
3650.000000	98.736	165.2071
3700.000000	98.315	-179.0807
3750.000000	99.370	-162.7572
3820.000000	102.930	-153.2890
3870.000000	105.225	-161.8725
3950.000000	105.378	176.5925
4000.000000	104.144	170.4879
4060.000000	102.634	171.6413
4120.000000	102.655	177.8071
4180.000000	102.355	174.9632
4250.000000	101.631	175.9658
4310.000000	101.038	178.4912
4370.000000	100.559	-177.6986
4440.000000	100.265	-171.4540
4500.000000	100.325	-165.8065
4550.000000	100.618	-161.3686
4620.000000	101.365	-156.9986
4680.000000	102.102	-155.4383
4750.000000	102.923	-156.4728
4820.000000	103.336	-159.0860
4870.000000	103.493	-161.2028
4940.000000	103.480	-163.5922
5000.000000	103.360	-164.6535
5080.000000	103.218	-165.5085
5150.000000	103.029	-165.5946
5220.000000	102.912	-164.8816
5300.000000	102.813	-164.2996
5380.000000	102.659	-162.8148
5450.000000	102.658	-160.8270
5520.000000	102.709	-158.6840
5600.000000	102.965	-154.7119
5700.000000	104.146	-151.8343
5800.000000	105.215	-156.0206
5900.000000	105.645	-162.7909
6000.000000	105.512	-168.0498
6080.000000	105.276	-171.1388
6150.000000	105.028	-172.7336
6220.000000	104.881	-173.6126
6300.000000	104.742	-175.2634
6400.000000	104.497	-176.9885
6500.000000	104.148	-178.0711
6600.000000	103.912	-177.4350
6700.000000	104.084	-177.1072
6800.000000	104.373	-179.1987
6900.000000	104.454	175.7170
7000.000000	103.966	170.2896
7100.000000	103.220	166.5729
7200.000000	102.235	164.8238
7300.000000	101.326	165.6507
7400.000000	100.540	167.5377
7500.000000	99.833	170.1145
7620.000000	99.106	174.4117
7750.000000	98.574	-178.4761
7880.000000	98.613	-170.6600
8000.000000	99.110	-164.6045
8120.000000	99.974	-160.5482
8250.000000	101.052	-159.4111
8380.000000	102.154	-162.1025
8500.000000	102.794	-168.0545
8620.000000	102.921	-173.9884
8750.000000	102.878	-178.6640
8850.000000	103.049	177.8250
9000.000000	103.235	167.4779
9120.000000	102.413	156.6721
9250.000000	100.715	150.9671
9380.000000	99.270	149.9983
9500.000000	98.140	150.1951
9620.000000	96.958	150.9169
9750.000000	95.988	155.8704
9880.000000	95.844	158.2753
10000.000000	95.289	156.2512
10150.000000	94.009	156.4200
10300.000000	92.974	158.6220
10440.000000	91.921	158.3651
10600.000000	89.412	156.9102
10750.000000	84.417	164.9394
10900.000000	81.823	-124.2270
11060.000000	89.536	-94.6885
11200.000000	94.703	-95.6251
11380.000000	98.915	-115.4214
11500.000000	99.754	-129.1796
11720.000000	100.453	-143.8441
11800.000000	100.816	-149.5376
12060.000000	100.405	-171.8832
12200.000000	98.991	-177.8896
12410.000000	98.142	-174.6940
12500.000000	98.258	-173.8341
12650.000000	99.064	-174.5531
12800.000000	100.171	177.7053
13150.000000	99.404	150.0834
13200.000000	99.048	147.3915
13400.000000	98.055	139.0605
13600.000000	97.447	128.7036
13800.000000	96.259	113.6108
14000.000000	94.000	102.9660
14300.000000	92.028	93.0326
14500.000000	91.006	77.1706
14750.000000	88.102	48.9812
15000.000000	84.892	23.2695
15250.000000	83.211	-25.0125
15500.000000	81.209	-80.9325
15750.000000	77.098	-126.6041
16000.000000	73.465	-108.5675
16250.000000	75.353	-97.5183
16500.000000	77.212	-91.1605
16750.000000	79.501	-86.7311
17000.000000	82.981	-87.4848
17250.000000	86.162	-101.6386
17500.000000	88.038	-127.6806
17750.000000	86.810	-157.4630
18000.000000	84.095	-170.4334
18250.000000	81.537	-177.1822
18500.000000	78.866	-179.1595
18750.000000	75.706	-169.9740
19000.000000	73.872	-148.6209
19250.000000	75.861	-120.0182
19500.000000	80.341	-111.5308
19750.000000	84.903	-121.2588
