* Measurement data measured by REW V5.31.1
* Source: EXCL: Micrófono (Realtek(R) Audio), MICROPHONE (Volumen general), L, volume: 0,900. Timing signal peak level -13,8 dBFS, measurement signal peak level -11,8 dBFS
* Format: 512k Log Swept Sine, 1 sweep at -12,0 dBFS using an acoustic timing reference
* Dated: 7/09/2025 09:56:30 PM
* REW Settings:
*  C-weighting compensation: Off
*  Target level: 75.0 dB
* Note: Delay -0,0222 ms (-7,6 mm, -0,3 in) using estimated IR delay relative to Acoustic reference played from HEADPHONE R with no timing offset Clock adjustment: 19,3 ppm
* Measurement: R w
* Smoothing: None
* Frequency Step: 1/48 octave
* Start Frequency: 20.000 Hz
*
* Freq(Hz)	SPL(dB)	Phase(degrees)
20.000000	94.626	-103.9001
20.299999	94.664	-104.9954
20.600000	94.678	-105.9026
20.900000	94.682	-106.5520
21.200001	94.698	-106.9279
21.400000	94.728	-107.0741
21.799999	94.837	-107.2842
22.000000	94.916	-107.4389
22.400000	95.101	-107.9993
22.700001	95.241	-108.6476
23.000000	95.366	-109.4130
23.299999	95.475	-110.1853
23.600000	95.577	-110.9002
24.000000	95.725	-111.7551
24.299999	95.856	-112.4083
24.700001	96.056	-113.4570
25.000000	96.209	-114.4501
25.400000	96.392	-116.0330
25.799999	96.533	-117.7717
26.200001	96.633	-119.5054
26.500000	96.689	-120.7518
26.900000	96.748	-122.3421
27.200001	96.781	-123.4997
27.600000	96.808	-125.0051
28.000000	96.815	-126.4381
28.500000	96.800	-128.0794
29.000000	96.772	-129.5938
29.500000	96.721	-131.0724
30.000000	96.621	-132.4389
30.400000	96.501	-133.2305
30.700001	96.400	-133.5168
31.100000	96.294	-133.4285
31.500000	96.268	-132.9599
32.000000	96.387	-132.4330
32.500000	96.627	-132.6963
33.000000	96.875	-134.0392
33.500000	97.040	-136.1878
34.000000	97.087	-138.6405
34.500000	97.035	-141.0105
35.000000	96.913	-143.1631
35.500000	96.734	-145.0990
36.000000	96.495	-146.7705
36.500000	96.198	-147.9970
37.000000	95.876	-148.5844
37.500000	95.583	-148.5662
38.200001	95.274	-148.1546
38.700001	95.089	-148.0082
39.500000	94.717	-147.8159
40.000000	94.426	-147.1047
40.599998	94.122	-145.1404
41.200001	94.032	-142.4198
41.799999	94.180	-140.4052
42.500000	94.380	-140.0926
43.099998	94.335	-140.5504
43.700001	94.127	-140.0582
44.400002	93.933	-137.9284
45.000000	93.888	-135.7152
45.500000	93.879	-133.7558
46.200001	93.954	-130.3325
46.799999	94.226	-127.2178
47.500000	94.748	-124.6727
48.200001	95.379	-123.5616
48.700001	95.883	-123.8601
49.400002	96.542	-126.5818
50.000000	96.823	-130.8545
50.799999	96.524	-136.5755
51.500000	95.811	-138.1135
52.200001	95.262	-135.5299
53.000000	95.174	-131.1660
53.799999	95.423	-127.1200
54.500000	95.920	-124.5335
55.200001	96.428	-124.0979
56.000000	96.777	-124.0846
57.000000	97.323	-124.8865
58.000000	97.177	-128.4021
59.000000	96.831	-123.7830
60.000000	97.946	-122.8695
60.799999	98.194	-127.4216
61.500000	98.041	-128.7068
62.200001	98.185	-128.6505
63.000000	98.424	-130.1040
64.000000	98.561	-131.1110
65.000000	98.848	-132.1479
66.000000	98.980	-133.1698
67.000000	99.213	-133.6374
68.000000	99.368	-134.9878
69.000000	99.458	-135.7137
70.000000	99.603	-136.7037
71.000000	99.708	-137.7855
72.000000	99.857	-138.9637
73.000000	99.969	-140.4648
74.000000	100.079	-141.8496
75.000000	100.174	-143.7987
76.199997	100.112	-146.6655
77.500000	99.604	-149.1634
78.800003	99.109	-146.7046
80.000000	99.232	-144.3907
81.199997	99.539	-143.5467
82.500000	99.788	-144.5710
83.800003	99.895	-144.8914
85.000000	100.014	-145.2545
86.199997	100.123	-145.1747
87.500000	100.331	-145.5314
88.500000	100.447	-146.1942
90.000000	100.600	-147.1724
91.199997	100.718	-148.1043
92.500000	100.825	-149.1625
93.800003	100.929	-150.1622
95.000000	101.002	-151.1826
96.199997	101.062	-151.9904
97.500000	101.132	-152.9940
98.800003	101.179	-153.9007
100.000000	101.228	-154.7715
101.500000	101.273	-155.8315
103.000000	101.316	-156.8956
104.400002	101.335	-157.9774
106.000000	101.360	-158.9749
107.500000	101.355	-160.1714
109.000000	101.374	-161.0679
110.599998	101.328	-162.2072
112.000000	101.308	-162.7169
113.800003	101.299	-163.3987
115.000000	101.330	-164.0679
117.199997	101.335	-165.1010
118.000000	101.267	-166.0448
120.599998	101.279	-166.4133
122.000000	101.182	-166.3368
124.099998	101.268	-166.8963
125.000000	101.318	-167.2483
126.500000	101.337	-167.9058
128.000000	101.373	-168.8404
131.500000	101.307	-170.7023
132.000000	101.293	-170.8907
134.000000	101.236	-171.6229
136.000000	101.228	-171.8731
138.000000	101.274	-172.1397
140.000000	101.310	-173.4450
143.000000	101.341	-174.5329
145.000000	101.355	-175.5402
147.500000	101.348	-176.5148
150.000000	101.329	-177.4898
152.500000	101.304	-178.5555
155.000000	101.266	-179.7099
157.500000	101.212	179.2554
160.000000	101.155	178.0820
162.500000	101.054	177.0537
165.000000	101.023	175.9184
167.500000	100.882	175.2625
170.000000	100.779	174.8468
172.500000	100.776	174.3057
175.000000	100.667	173.4326
177.500000	100.606	172.6428
180.000000	100.477	171.7980
182.500000	100.358	171.0922
185.000000	100.213	170.5767
187.500000	100.113	170.2292
190.000000	100.017	169.8808
192.500000	99.890	169.6090
195.000000	99.757	169.3605
197.500000	99.648	169.2372
200.000000	99.534	169.4376
203.000000	99.474	169.8057
206.000000	99.458	169.6773
209.000000	99.412	169.3094
212.000000	99.466	169.6046
214.000000	99.458	168.7614
218.000000	99.346	167.8102
220.000000	99.289	167.4078
224.000000	99.137	167.0089
227.000000	99.046	166.4122
230.000000	98.948	166.2024
233.000000	98.834	166.2333
236.000000	98.742	165.7451
240.000000	98.518	165.6389
243.000000	98.387	166.3654
247.000000	98.539	167.4955
250.000000	98.585	166.4075
254.000000	98.517	165.7062
258.000000	98.379	164.9721
262.000000	98.275	164.6749
265.000000	98.173	164.3793
269.000000	98.039	164.2664
272.000000	97.972	164.1616
276.000000	97.895	164.1637
280.000000	97.811	163.9147
285.000000	97.707	163.6320
290.000000	97.569	163.3534
295.000000	97.426	162.9984
300.000000	97.287	162.9149
304.000000	97.142	162.6658
307.000000	97.066	162.6501
311.000000	96.979	162.5337
315.000000	96.824	162.6532
320.000000	96.673	162.7985
325.000000	96.558	162.7887
330.000000	96.391	162.9406
335.000000	96.263	163.2285
340.000000	96.144	163.3396
345.000000	96.004	163.5693
350.000000	95.861	163.8361
355.000000	95.745	164.1925
360.000000	95.620	164.4957
365.000000	95.515	164.9040
370.000000	95.390	165.2015
375.000000	95.254	165.5041
382.000000	95.099	166.0379
387.000000	94.973	166.2029
395.000000	94.799	167.0423
400.000000	94.650	167.3705
406.000000	94.476	167.9334
412.000000	94.277	168.7185
418.000000	94.074	169.7053
425.000000	93.904	171.4390
431.000000	93.792	173.0242
437.000000	93.761	174.6494
444.000000	93.794	176.0004
450.000000	93.827	176.6852
455.000000	93.818	177.5272
462.000000	93.831	178.1018
468.000000	93.832	178.7513
475.000000	93.841	179.3416
482.000000	93.742	-179.9626
487.000000	93.735	-179.6137
494.000000	93.679	-179.0814
500.000000	93.661	-178.4521
508.000000	93.583	-177.8974
515.000000	93.532	-177.3427
522.000000	93.492	-176.2941
530.000000	93.440	-175.6966
538.000000	93.337	-174.7985
545.000000	93.293	-174.2214
552.000000	93.215	-173.4101
560.000000	93.145	-172.4052
570.000000	93.074	-171.1252
580.000000	92.975	-169.4819
590.000000	92.909	-167.9377
600.000000	92.893	-166.3326
608.000000	92.887	-164.8188
615.000000	92.895	-163.6324
622.000000	92.968	-162.2759
630.000000	93.014	-161.0375
640.000000	93.110	-159.7211
650.000000	93.228	-158.6615
660.000000	93.311	-158.1353
670.000000	93.353	-157.2478
680.000000	93.385	-156.5250
690.000000	93.393	-155.7683
700.000000	93.342	-154.7028
710.000000	93.388	-153.4660
720.000000	93.379	-152.0721
730.000000	93.463	-150.9092
740.000000	93.527	-149.5791
750.000000	93.590	-148.5249
762.000000	93.713	-146.8799
775.000000	93.818	-145.4349
788.000000	93.991	-143.9152
800.000000	94.168	-142.7232
812.000000	94.353	-141.9585
825.000000	94.535	-141.8062
838.000000	94.561	-141.4554
850.000000	94.541	-140.1732
862.000000	94.687	-138.1998
875.000000	95.017	-137.2357
885.000000	95.157	-137.3319
900.000000	95.293	-137.4515
912.000000	95.355	-137.1830
925.000000	95.419	-136.7571
938.000000	95.461	-136.1022
950.000000	95.507	-135.6493
962.000000	95.525	-134.8778
975.000000	95.554	-133.9905
988.000000	95.583	-132.7993
1000.000000	95.644	-131.5843
1015.000000	95.761	-130.0375
1030.000000	95.919	-128.5391
1044.000000	96.105	-126.9600
1060.000000	96.338	-125.7308
1075.000000	96.559	-124.7926
1090.000000	96.793	-123.9640
1106.000000	97.028	-122.8428
1120.000000	97.234	-122.2466
1138.000000	97.516	-121.3282
1150.000000	97.732	-120.9464
1172.000000	98.058	-120.5045
1180.000000	98.181	-120.3212
1206.000000	98.384	-119.4195
1220.000000	98.681	-118.2282
1241.000000	99.122	-118.3383
1250.000000	99.232	-118.3128
1265.000000	99.456	-118.4122
1280.000000	99.658	-118.3936
1315.000000	100.139	-118.3309
1320.000000	100.190	-118.3485
1340.000000	100.479	-118.4058
1360.000000	100.760	-118.4729
1380.000000	101.042	-118.7781
1400.000000	101.310	-119.1167
1430.000000	101.699	-119.9878
1450.000000	101.924	-120.6471
1475.000000	102.194	-121.5097
1500.000000	102.441	-122.3898
1525.000000	102.645	-123.2702
1550.000000	102.817	-124.0859
1575.000000	103.008	-124.5053
1600.000000	103.252	-125.1614
1625.000000	103.465	-126.2138
1650.000000	103.600	-127.2824
1675.000000	103.653	-128.2932
1700.000000	103.624	-127.8526
1725.000000	103.933	-126.3820
1750.000000	104.337	-127.1774
1775.000000	104.580	-127.6500
1800.000000	104.968	-128.3020
1825.000000	105.297	-129.9895
1850.000000	105.531	-131.7928
1875.000000	105.724	-133.5847
1900.000000	105.878	-135.3533
1925.000000	105.996	-137.0543
1950.000000	106.083	-138.6108
1975.000000	106.171	-140.1057
2000.000000	106.249	-141.3800
2030.000000	106.355	-143.0482
2060.000000	106.450	-144.7147
2090.000000	106.506	-146.4888
2120.000000	106.545	-148.1942
2140.000000	106.553	-149.2621
2180.000000	106.580	-151.4007
2200.000000	106.571	-152.3437
2240.000000	106.545	-154.1994
2270.000000	106.517	-155.4541
2300.000000	106.493	-156.6785
2330.000000	106.471	-157.8895
2360.000000	106.430	-159.2665
2400.000000	106.306	-160.8381
2430.000000	106.201	-161.6407
2470.000000	106.123	-162.9065
2500.000000	105.971	-164.1974
2540.000000	105.517	-164.9529
2580.000000	104.995	-161.3157
2620.000000	105.652	-156.2123
2650.000000	106.263	-156.9097
2690.000000	106.843	-159.5591
2720.000000	106.979	-163.1700
2760.000000	106.820	-165.2565
2800.000000	106.947	-166.1108
2850.000000	107.169	-169.2573
2900.000000	107.153	-172.6188
2950.000000	107.066	-175.4718
3000.000000	106.959	-178.2582
3040.000000	106.812	179.5421
3070.000000	106.697	178.0457
3110.000000	106.517	176.1190
3150.000000	106.330	174.3645
3200.000000	106.060	172.2227
3250.000000	105.762	170.1318
3300.000000	105.406	168.2424
3350.000000	104.990	166.4745
3400.000000	104.511	165.1796
3450.000000	103.969	164.3693
3500.000000	103.384	164.3449
3550.000000	102.727	165.2945
3600.000000	101.977	168.1947
3650.000000	101.444	174.5990
3700.000000	101.749	-176.1978
3750.000000	103.303	-171.2214
3820.000000	105.233	178.9152
3870.000000	105.089	168.3933
3950.000000	103.642	159.6605
4000.000000	102.688	158.3633
4060.000000	101.604	158.8783
4120.000000	100.728	162.7552
4180.000000	100.421	165.9698
4250.000000	99.796	169.9205
4310.000000	99.580	175.1227
4370.000000	99.774	-179.8573
4440.000000	100.349	-176.2619
4500.000000	100.904	-175.8436
4550.000000	101.291	-177.0352
4620.000000	101.585	179.7208
4680.000000	101.499	176.3487
4750.000000	101.080	173.5496
4820.000000	100.482	172.8444
4870.000000	100.152	173.1450
4940.000000	99.648	173.6300
5000.000000	99.172	175.3855
5080.000000	98.647	178.8757
5150.000000	98.478	-177.1511
5220.000000	98.496	-173.2502
5300.000000	98.694	-169.8587
5380.000000	98.844	-167.6377
5450.000000	98.968	-165.7383
5520.000000	99.031	-163.1511
5600.000000	99.462	-159.2007
5700.000000	100.254	-157.9802
5800.000000	100.820	-156.7126
5900.000000	101.699	-155.9870
6000.000000	102.658	-158.0100
6080.000000	103.394	-160.7838
6150.000000	104.124	-164.4095
6220.000000	104.830	-170.4949
6300.000000	105.205	179.5269
6400.000000	104.790	166.3036
6500.000000	103.625	155.3716
6600.000000	101.910	148.3987
6700.000000	100.106	145.5056
6800.000000	98.323	145.8081
6900.000000	96.662	149.4776
7000.000000	95.241	155.3761
7100.000000	93.998	162.8802
7200.000000	93.075	173.0583
7300.000000	92.641	-175.2714
7400.000000	92.692	-163.0048
7500.000000	93.433	-150.7001
7620.000000	95.224	-140.4472
7750.000000	97.439	-137.3110
7880.000000	99.209	-140.1556
8000.000000	100.421	-145.6339
8120.000000	101.150	-151.8072
8250.000000	101.548	-158.7219
8380.000000	101.678	-164.2772
8500.000000	101.752	-168.4081
8620.000000	101.905	-171.8995
8750.000000	102.279	-176.6208
8850.000000	102.627	178.1805
9000.000000	102.900	166.6763
9120.000000	102.630	155.2121
9250.000000	101.601	142.4221
9380.000000	99.870	131.6365
9500.000000	97.895	124.8480
9620.000000	95.760	121.4115
9750.000000	93.293	122.0214
9880.000000	91.097	126.7589
10000.000000	89.513	134.6267
10150.000000	88.352	140.9748
10300.000000	86.468	143.9753
10440.000000	84.848	154.7420
10600.000000	82.783	160.9341
10750.000000	77.709	-178.4476
10900.000000	77.611	-116.1169
11060.000000	83.781	-86.8813
11200.000000	89.029	-78.9458
11380.000000	94.641	-91.7369
11500.000000	96.448	-109.4951
11720.000000	96.348	-131.0473
11800.000000	96.135	-134.6018
12060.000000	95.675	-140.0659
12200.000000	95.691	-139.1553
12410.000000	96.723	-136.9684
12500.000000	97.524	-137.4123
12650.000000	99.109	-142.1340
12800.000000	100.727	-152.2534
13150.000000	101.072	167.7787
13200.000000	100.667	163.1934
13400.000000	99.111	150.1123
13600.000000	97.944	140.5985
13800.000000	96.984	129.2015
14000.000000	95.588	115.2173
14300.000000	92.360	97.6353
14500.000000	90.155	86.3113
14750.000000	86.284	66.7634
15000.000000	79.551	54.7546
15250.000000	72.052	41.4529
15500.000000	66.961	-109.1434
15750.000000	76.749	-170.5833
16000.000000	73.954	148.7626
16250.000000	59.802	-162.7871
16500.000000	72.849	-101.0820
16750.000000	78.158	-117.9149
17000.000000	79.907	-142.3257
17250.000000	79.332	-161.5490
17500.000000	77.088	-165.3533
17750.000000	77.326	-163.5495
18000.000000	74.693	-164.7131
18250.000000	74.808	-153.5252
18500.000000	76.044	-147.3832
18750.000000	77.485	-152.4114
19000.000000	77.788	-159.4401
19250.000000	76.525	-171.8678
19500.000000	73.417	-164.5583
19750.000000	75.292	-139.4824
