* Measurement data measured by REW V5.31.1
* Source: EXCL: Micrófono (Realtek(R) Audio), MICROPHONE (Volumen general), L, volume: 0,900. Timing signal peak level -19,1 dBFS, measurement signal peak level -14,2 dBFS
* Format: 512k Log Swept Sine, 1 sweep at -12,0 dBFS using an acoustic timing reference
* Dated: 7/09/2025 09:05:32 PM
* REW Settings:
*  C-weighting compensation: Off
*  Target level: 75.0 dB
* Note: ; Delay -0,0171 ms (-5,9 mm, -0,23 in) using estimated IR delay relative to Acoustic reference played from HEADPHONE R with no timing offset Clock adjustment: 19,2 ppm
* Measurement: R white
* Smoothing: None
* Frequency Step: 1/48 octave
* Start Frequency: 20.000 Hz
*
* Freq(Hz)	SPL(dB)	Phase(degrees)
20.000000	104.386	-158.3848
20.299999	104.391	-158.9646
20.600000	104.401	-159.5189
20.900000	104.417	-160.0750
21.200001	104.436	-160.6554
21.400000	104.447	-161.0575
21.799999	104.466	-161.8825
22.000000	104.473	-162.2951
22.400000	104.481	-163.0985
22.700001	104.485	-163.6773
23.000000	104.489	-164.2426
23.299999	104.493	-164.8052
23.600000	104.495	-165.3690
24.000000	104.495	-166.1172
24.299999	104.490	-166.6624
24.700001	104.480	-167.3518
25.000000	104.473	-167.8375
25.400000	104.465	-168.4525
25.799999	104.460	-169.0498
26.200001	104.458	-169.6470
26.500000	104.456	-170.1010
26.900000	104.454	-170.7164
27.200001	104.450	-171.1823
27.600000	104.440	-171.7965
28.000000	104.426	-172.3787
28.500000	104.408	-173.0320
29.000000	104.398	-173.6194
29.500000	104.401	-174.2088
30.000000	104.410	-174.8593
30.400000	104.414	-175.4232
30.700001	104.414	-175.8593
31.100000	104.409	-176.4451
31.500000	104.397	-177.0283
32.000000	104.373	-177.7354
32.500000	104.338	-178.3757
33.000000	104.298	-178.9130
33.500000	104.262	-179.3668
34.000000	104.233	-179.7907
34.500000	104.204	179.7969
35.000000	104.177	179.4148
35.500000	104.156	179.0515
36.000000	104.142	178.6524
36.500000	104.126	178.1935
37.000000	104.103	177.7200
37.500000	104.077	177.2753
38.200001	104.051	176.6315
38.700001	104.032	176.0860
39.500000	103.973	175.1934
40.000000	103.928	174.7481
40.599998	103.886	174.3181
41.200001	103.861	173.8843
41.799999	103.844	173.3829
42.500000	103.816	172.7356
43.099998	103.781	172.1973
43.700001	103.739	171.7417
44.400002	103.697	171.3020
45.000000	103.668	170.9249
45.500000	103.641	170.5999
46.200001	103.602	170.1879
46.799999	103.577	169.8505
47.500000	103.550	169.3410
48.200001	103.496	168.7950
48.700001	103.447	168.5360
49.400002	103.407	168.3315
50.000000	103.400	168.0366
50.799999	103.370	167.4008
51.500000	103.315	166.9670
52.200001	103.274	166.6669
53.000000	103.234	166.2488
53.799999	103.183	165.9012
54.500000	103.152	165.6249
55.200001	103.114	165.2575
56.000000	103.058	164.9425
57.000000	103.016	164.4773
58.000000	102.920	163.8809
59.000000	102.841	163.7736
60.000000	102.827	163.4138
60.799999	102.797	162.8709
61.500000	102.735	162.3809
62.200001	102.650	162.2010
63.000000	102.619	162.3251
64.000000	102.646	161.7173
65.000000	102.542	160.9427
66.000000	102.456	160.7447
67.000000	102.382	160.3947
68.000000	102.317	160.3547
69.000000	102.304	160.0962
70.000000	102.255	159.6892
71.000000	102.200	159.4184
72.000000	102.138	159.1524
73.000000	102.074	158.9844
74.000000	102.028	158.7103
75.000000	101.959	158.2675
76.199997	101.884	157.8988
77.500000	101.834	157.2014
78.800003	101.759	156.6777
80.000000	101.710	156.5638
81.199997	101.702	156.7153
82.500000	101.721	156.6522
83.800003	101.618	156.2874
85.000000	101.508	156.3597
86.199997	101.314	155.9314
87.500000	101.150	156.6013
88.500000	101.107	156.3455
90.000000	101.079	156.8466
91.199997	101.224	155.7397
92.500000	101.054	154.4034
93.800003	100.936	155.0600
95.000000	100.960	154.7448
96.199997	100.833	154.5603
97.500000	100.790	154.5049
98.800003	100.700	154.2372
100.000000	100.647	154.1241
101.500000	100.588	153.9529
103.000000	100.538	153.7843
104.400002	100.459	153.5602
106.000000	100.385	153.5921
107.500000	100.308	153.4370
109.000000	100.247	153.3400
110.599998	100.166	153.2578
112.000000	100.115	153.1711
113.800003	100.022	153.0301
115.000000	99.975	152.9711
117.199997	99.877	152.8240
118.000000	99.845	152.7991
120.599998	99.765	152.6830
122.000000	99.687	152.6671
124.099998	99.606	152.6077
125.000000	99.551	152.5538
126.500000	99.488	152.6585
128.000000	99.436	152.5793
131.500000	99.298	152.4750
132.000000	99.283	152.4893
134.000000	99.209	152.4289
136.000000	99.137	152.5119
138.000000	99.090	152.4333
140.000000	98.994	152.4112
143.000000	98.885	152.5953
145.000000	98.805	152.3878
147.500000	98.720	152.5620
150.000000	98.625	152.5172
152.500000	98.542	152.6158
155.000000	98.446	152.6166
157.500000	98.393	152.8783
160.000000	98.323	152.8358
162.500000	98.213	152.8835
165.000000	98.094	152.8448
167.500000	98.070	153.0117
170.000000	98.003	153.1085
172.500000	97.968	153.7513
175.000000	97.845	153.4383
177.500000	97.747	153.7044
180.000000	97.688	153.7794
182.500000	97.622	153.9126
185.000000	97.548	154.0157
187.500000	97.456	154.3309
190.000000	97.420	154.1217
192.500000	97.332	154.5346
195.000000	97.247	154.6505
197.500000	97.202	154.8981
200.000000	97.137	155.1191
203.000000	97.046	155.5258
206.000000	96.944	155.9810
209.000000	96.919	155.5927
212.000000	97.116	155.4968
214.000000	96.730	156.8292
218.000000	96.624	157.9637
220.000000	96.566	157.8365
224.000000	96.647	159.0967
227.000000	96.720	159.6710
230.000000	96.758	159.7017
233.000000	96.801	159.9103
236.000000	96.758	159.6300
240.000000	96.702	159.2178
243.000000	96.699	159.4848
247.000000	96.625	159.2477
250.000000	96.558	159.2232
254.000000	96.494	159.3243
258.000000	96.423	159.5081
262.000000	96.360	159.7814
265.000000	96.332	159.8700
269.000000	96.265	160.0149
272.000000	96.223	160.2567
276.000000	96.142	160.6611
280.000000	96.057	160.6675
285.000000	96.002	161.0240
290.000000	95.955	161.3382
295.000000	95.880	161.7112
300.000000	95.808	162.0060
304.000000	95.789	162.2639
307.000000	95.738	162.4605
311.000000	95.718	162.8355
315.000000	95.638	162.9341
320.000000	95.600	163.2518
325.000000	95.523	163.6841
330.000000	95.494	164.0651
335.000000	95.415	164.3871
340.000000	95.396	164.6702
345.000000	95.352	165.1170
350.000000	95.271	165.2691
355.000000	95.256	165.6849
360.000000	95.196	166.0520
365.000000	95.165	166.4587
370.000000	95.101	166.7681
375.000000	95.071	167.2574
382.000000	95.020	167.6920
387.000000	94.970	168.2007
395.000000	94.916	168.8223
400.000000	94.878	169.2122
406.000000	94.844	169.8106
412.000000	94.826	170.4595
418.000000	94.824	170.7504
425.000000	94.807	171.1470
431.000000	94.796	171.5701
437.000000	94.758	171.9093
444.000000	94.752	172.1086
450.000000	94.697	172.6074
455.000000	94.665	172.8747
462.000000	94.606	173.4033
468.000000	94.603	173.5978
475.000000	94.580	173.9467
482.000000	94.550	174.5299
487.000000	94.533	174.9651
494.000000	94.522	175.3405
500.000000	94.477	175.7032
508.000000	94.446	176.2924
515.000000	94.421	176.5483
522.000000	94.403	176.9923
530.000000	94.397	177.3215
538.000000	94.346	177.8337
545.000000	94.347	178.5294
552.000000	94.326	178.8658
560.000000	94.292	179.4098
570.000000	94.260	-179.9994
580.000000	94.272	-179.2899
590.000000	94.238	-178.7275
600.000000	94.221	-178.0418
608.000000	94.209	-177.4485
615.000000	94.218	-177.1226
622.000000	94.175	-176.6675
630.000000	94.175	-176.1167
640.000000	94.167	-175.5015
650.000000	94.146	-174.8523
660.000000	94.169	-174.0517
670.000000	94.163	-173.6113
680.000000	94.152	-173.0266
690.000000	94.162	-172.2583
700.000000	94.166	-171.5939
710.000000	94.181	-171.1087
720.000000	94.209	-170.1909
730.000000	94.213	-169.5743
740.000000	94.237	-168.8189
750.000000	94.289	-168.0557
762.000000	94.441	-167.6685
775.000000	94.486	-167.5068
788.000000	94.466	-168.2202
800.000000	94.258	-168.0682
812.000000	94.082	-166.2156
825.000000	94.137	-164.1076
838.000000	94.251	-162.7420
850.000000	94.370	-162.0525
862.000000	94.434	-160.9972
875.000000	94.564	-160.3647
885.000000	94.645	-159.8770
900.000000	94.729	-159.1128
912.000000	94.851	-158.5411
925.000000	94.875	-158.1747
938.000000	95.002	-157.5731
950.000000	95.056	-157.2431
962.000000	95.112	-156.8782
975.000000	95.210	-156.3795
988.000000	95.280	-156.1853
1000.000000	95.363	-155.6671
1015.000000	95.453	-155.1974
1030.000000	95.516	-154.8699
1044.000000	95.611	-154.3770
1060.000000	95.705	-154.0660
1075.000000	95.788	-153.5604
1090.000000	95.887	-153.1456
1106.000000	95.974	-152.8071
1120.000000	96.057	-152.5935
1138.000000	96.157	-152.2944
1150.000000	96.222	-151.9469
1172.000000	96.348	-151.8528
1180.000000	96.378	-151.4565
1206.000000	96.523	-151.2213
1220.000000	96.592	-151.1104
1241.000000	96.727	-150.9760
1250.000000	96.763	-150.7069
1265.000000	96.825	-150.6351
1280.000000	96.911	-150.5650
1315.000000	97.061	-150.3834
1320.000000	97.096	-150.2183
1340.000000	97.187	-150.0873
1360.000000	97.264	-149.9961
1380.000000	97.347	-149.7487
1400.000000	97.432	-149.7244
1430.000000	97.516	-149.5023
1450.000000	97.604	-149.3221
1475.000000	97.720	-149.3498
1500.000000	97.812	-149.1791
1525.000000	97.909	-149.0651
1550.000000	97.976	-148.9515
1575.000000	98.099	-148.7384
1600.000000	98.170	-148.6464
1625.000000	98.264	-148.4356
1650.000000	98.375	-148.4564
1675.000000	98.457	-148.3291
1700.000000	98.545	-148.3510
1725.000000	98.645	-148.0258
1750.000000	98.738	-148.0796
1775.000000	98.828	-147.8802
1800.000000	98.921	-147.8746
1825.000000	99.020	-147.8253
1850.000000	99.107	-147.8507
1875.000000	99.207	-147.8284
1900.000000	99.306	-147.7651
1925.000000	99.400	-147.6939
1950.000000	99.483	-147.7671
1975.000000	99.564	-147.7926
2000.000000	99.683	-147.9536
2030.000000	99.789	-147.8592
2060.000000	99.903	-148.0200
2090.000000	100.021	-148.0348
2120.000000	100.135	-148.2198
2140.000000	100.232	-148.2710
2180.000000	100.388	-148.4950
2200.000000	100.446	-148.6692
2240.000000	100.625	-148.9313
2270.000000	100.736	-149.2420
2300.000000	100.830	-149.4458
2330.000000	100.964	-149.8217
2360.000000	101.067	-150.1082
2400.000000	101.207	-150.7847
2430.000000	101.328	-151.1267
2470.000000	101.479	-151.7462
2500.000000	101.588	-152.1893
2540.000000	101.715	-152.8266
2580.000000	101.856	-153.6452
2620.000000	101.987	-154.4042
2650.000000	102.069	-155.0146
2690.000000	102.185	-155.9747
2720.000000	102.280	-156.6888
2760.000000	102.366	-157.6234
2800.000000	102.456	-158.5692
2850.000000	102.574	-159.8870
2900.000000	102.650	-161.2697
2950.000000	102.740	-162.6396
3000.000000	102.809	-164.0083
3040.000000	102.838	-165.2147
3070.000000	102.862	-166.1473
3110.000000	102.878	-167.2404
3150.000000	102.885	-168.4280
3200.000000	102.884	-170.0075
3250.000000	102.876	-171.4484
3300.000000	102.835	-172.8932
3350.000000	102.793	-174.3629
3400.000000	102.714	-175.7085
3450.000000	102.637	-177.1147
3500.000000	102.540	-178.4067
3550.000000	102.441	-179.6891
3600.000000	102.337	179.1047
3650.000000	102.203	177.8977
3700.000000	102.048	176.8461
3750.000000	101.915	175.6747
3820.000000	101.680	174.4264
3870.000000	101.511	173.5749
3950.000000	101.222	172.4071
4000.000000	101.046	171.8795
4060.000000	100.824	171.2046
4120.000000	100.598	170.7867
4180.000000	100.385	170.2215
4250.000000	100.120	169.7555
4310.000000	99.892	169.3603
4370.000000	99.684	169.2711
4440.000000	99.413	169.0908
4500.000000	99.165	168.9693
4550.000000	98.988	169.1412
4620.000000	98.736	169.1792
4680.000000	98.527	169.3877
4750.000000	98.255	169.6113
4820.000000	97.997	169.9400
4870.000000	97.823	170.2079
4940.000000	97.563	170.6422
5000.000000	97.266	171.1897
5080.000000	96.752	173.3735
5150.000000	97.037	178.8751
5220.000000	97.258	175.9377
5300.000000	96.947	175.2239
5380.000000	96.655	175.7548
5450.000000	96.439	176.4526
5520.000000	96.253	177.3179
5600.000000	96.074	178.5646
5700.000000	95.835	-179.8885
5800.000000	95.654	-178.1496
5900.000000	95.495	-176.4487
6000.000000	95.377	-174.2321
6080.000000	95.281	-173.0761
6150.000000	95.224	-171.4623
6220.000000	95.166	-170.3813
6300.000000	95.154	-168.7360
6400.000000	95.155	-166.7486
6500.000000	95.174	-164.8944
6600.000000	95.218	-162.8831
6700.000000	95.332	-161.3685
6800.000000	95.481	-159.3287
6900.000000	95.655	-157.8639
7000.000000	95.916	-156.2949
7100.000000	96.192	-154.9352
7200.000000	96.492	-153.9935
7300.000000	96.847	-153.4455
7400.000000	97.278	-153.2720
7500.000000	97.705	-153.4734
7620.000000	98.265	-154.8417
7750.000000	98.866	-157.6028
7880.000000	99.426	-162.2820
8000.000000	99.746	-168.0577
8120.000000	99.766	-174.7743
8250.000000	99.427	177.7058
8380.000000	98.745	171.3116
8500.000000	97.878	166.6648
8620.000000	96.899	164.0275
8750.000000	95.831	162.9885
8850.000000	95.068	163.2622
9000.000000	94.094	165.1637
9120.000000	93.474	167.4218
9250.000000	93.012	169.2806
9380.000000	92.624	170.7935
9500.000000	92.304	172.1946
9620.000000	91.950	173.5960
9750.000000	91.551	174.5570
9880.000000	91.094	175.3788
10000.000000	90.708	176.3032
10150.000000	90.093	178.7235
10300.000000	89.493	-179.0260
10440.000000	89.075	-176.0388
10600.000000	88.656	-172.5936
10750.000000	88.321	-167.8021
10900.000000	88.052	-163.8450
11060.000000	87.813	-160.0982
11200.000000	87.787	-155.7022
11380.000000	87.741	-151.0586
11500.000000	87.824	-147.8715
11720.000000	88.164	-142.3511
11800.000000	88.150	-140.3863
12060.000000	88.809	-134.1196
12200.000000	89.212	-131.8775
12410.000000	90.058	-127.8622
12500.000000	90.496	-126.8345
12650.000000	91.329	-125.6072
12800.000000	92.226	-125.0742
13150.000000	94.716	-129.7701
13200.000000	95.093	-131.2609
13400.000000	96.483	-141.0721
13600.000000	97.134	-154.8938
13800.000000	97.317	-169.5662
14000.000000	96.107	176.2807
14300.000000	93.971	165.9335
14500.000000	92.733	162.6297
14750.000000	91.437	160.9338
15000.000000	90.522	159.7597
15250.000000	89.904	159.5338
15500.000000	89.349	157.4227
15750.000000	88.852	155.2264
16000.000000	88.455	151.4045
16250.000000	88.057	147.6100
16500.000000	87.542	141.9098
16750.000000	86.873	135.8357
17000.000000	85.925	131.2135
17250.000000	85.106	125.1335
17500.000000	83.971	120.5667
17750.000000	83.026	117.4186
18000.000000	81.950	115.9528
18250.000000	80.986	112.7472
18500.000000	80.554	111.6018
18750.000000	79.735	108.6973
19000.000000	79.589	102.6963
19250.000000	79.091	98.6707
19500.000000	78.581	87.8331
19750.000000	77.965	80.7325
