* Measurement data measured by REW V5.31.1
* Source: EXCL: Micrófono (Realtek(R) Audio), MICROPHONE (Volumen general), L, volume: 0,900. Timing signal peak level -16,8 dBFS, measurement signal peak level -14,5 dBFS
* Format: 512k Log Swept Sine, 1 sweep at -12,0 dBFS using an acoustic timing reference
* Dated: 7/09/2025 09:19:17 PM
* REW Settings:
*  C-weighting compensation: Off
*  Target level: 75.0 dB
* Note: ; Delay -0,0211 ms (-7,2 mm, -0,28 in) using estimated IR delay relative to Acoustic reference played from HEADPHONE L with no timing offset Clock adjustment: 19,2 ppm
* Measurement: L black
* Smoothing: None
* Frequency Step: 1/48 octave
* Start Frequency: 20.000 Hz
*
* Freq(Hz)	SPL(dB)	Phase(degrees)
20.000000	104.156	-155.7002
20.299999	104.168	-156.4181
20.600000	104.175	-157.0970
20.900000	104.179	-157.7217
21.200001	104.184	-158.2929
21.400000	104.190	-158.6562
21.799999	104.210	-159.3719
22.000000	104.221	-159.7383
22.400000	104.244	-160.5033
22.700001	104.256	-161.0917
23.000000	104.263	-161.6672
23.299999	104.267	-162.2110
23.600000	104.271	-162.7219
24.000000	104.279	-163.3719
24.299999	104.289	-163.8621
24.700001	104.301	-164.5392
25.000000	104.306	-165.0560
25.400000	104.307	-165.7258
25.799999	104.305	-166.3472
26.200001	104.306	-166.9356
26.500000	104.310	-167.3826
26.900000	104.314	-168.0077
27.200001	104.312	-168.4881
27.600000	104.301	-169.1028
28.000000	104.287	-169.6458
28.500000	104.279	-170.2502
29.000000	104.285	-170.9058
29.500000	104.283	-171.6781
30.000000	104.255	-172.4371
30.400000	104.221	-172.9067
30.700001	104.201	-173.1618
31.100000	104.193	-173.4468
31.500000	104.206	-173.7833
32.000000	104.229	-174.3855
32.500000	104.232	-175.1177
33.000000	104.212	-175.7980
33.500000	104.188	-176.3577
34.000000	104.173	-176.8730
34.500000	104.161	-177.4155
35.000000	104.141	-177.9569
35.500000	104.120	-178.4481
36.000000	104.103	-178.9137
36.500000	104.088	-179.4059
37.000000	104.066	-179.9113
37.500000	104.040	179.6265
38.200001	104.013	179.0303
38.700001	104.000	178.5508
39.500000	103.958	177.7358
40.000000	103.925	177.3170
40.599998	103.899	176.8803
41.200001	103.884	176.3813
41.799999	103.862	175.8369
42.500000	103.829	175.2758
43.099998	103.808	174.8198
43.700001	103.781	174.3347
44.400002	103.736	173.8601
45.000000	103.708	173.5647
45.500000	103.696	173.2719
46.200001	103.665	172.7390
46.799999	103.616	172.3720
47.500000	103.581	172.1285
48.200001	103.582	171.6932
48.700001	103.570	171.1888
49.400002	103.513	170.5441
50.000000	103.468	170.1926
50.799999	103.436	169.6810
51.500000	103.394	169.1890
52.200001	103.354	168.8811
53.000000	103.330	168.4863
53.799999	103.275	168.1243
54.500000	103.245	168.0204
55.200001	103.229	167.6210
56.000000	103.120	167.1780
57.000000	103.071	167.2471
58.000000	102.950	165.6418
59.000000	102.541	166.5324
60.000000	102.826	168.0470
60.799999	102.973	165.7831
61.500000	102.793	164.4713
62.200001	102.702	164.6024
63.000000	102.752	164.1471
64.000000	102.671	163.3340
65.000000	102.660	163.3093
66.000000	102.649	162.6906
67.000000	102.570	162.3847
68.000000	102.513	162.1592
69.000000	102.449	161.8499
70.000000	102.384	161.5614
71.000000	102.343	161.2505
72.000000	102.292	160.7530
73.000000	102.225	160.5096
74.000000	102.198	160.3082
75.000000	102.153	159.9539
76.199997	102.081	159.6823
77.500000	101.998	159.4165
78.800003	101.927	159.1241
80.000000	101.868	158.8213
81.199997	101.800	158.4008
82.500000	101.751	158.3815
83.800003	101.724	157.7200
85.000000	101.613	157.5706
86.199997	101.566	157.4837
87.500000	101.496	157.2186
88.500000	101.437	157.0348
90.000000	101.368	156.7965
91.199997	101.311	156.5763
92.500000	101.260	156.3349
93.800003	101.188	156.0906
95.000000	101.126	155.9727
96.199997	101.073	155.7453
97.500000	100.990	155.5364
98.800003	100.940	155.4253
100.000000	100.886	155.1940
101.500000	100.823	155.0646
103.000000	100.754	154.9133
104.400002	100.704	154.7653
106.000000	100.609	154.5501
107.500000	100.551	154.4506
109.000000	100.481	154.2476
110.599998	100.410	154.0684
112.000000	100.347	154.0366
113.800003	100.270	153.9323
115.000000	100.230	153.8517
117.199997	100.115	153.6052
118.000000	100.069	153.6907
120.599998	99.993	153.4682
122.000000	99.929	153.4885
124.099998	99.866	153.3252
125.000000	99.815	153.2126
126.500000	99.749	153.2277
128.000000	99.699	153.1174
131.500000	99.547	153.0216
132.000000	99.527	153.0748
134.000000	99.444	152.9869
136.000000	99.364	152.8238
138.000000	99.274	152.7202
140.000000	99.220	152.8687
143.000000	99.121	152.7269
145.000000	99.044	152.8735
147.500000	98.946	152.8512
150.000000	98.852	152.8511
152.500000	98.766	152.7741
155.000000	98.684	152.7552
157.500000	98.599	152.8711
160.000000	98.517	153.1299
162.500000	98.419	152.9892
165.000000	98.353	153.2399
167.500000	98.262	153.7153
170.000000	98.158	153.6248
172.500000	98.092	152.9814
175.000000	97.961	153.8222
177.500000	97.931	153.9681
180.000000	97.875	154.0789
182.500000	97.769	154.5026
185.000000	97.692	154.5964
187.500000	97.628	154.9245
190.000000	97.578	155.5485
192.500000	97.527	155.5057
195.000000	97.467	156.1127
197.500000	97.417	156.4535
200.000000	97.425	156.7560
203.000000	97.413	157.1626
206.000000	97.378	157.6338
209.000000	97.345	157.7066
212.000000	97.383	157.0582
214.000000	97.618	156.7699
218.000000	97.314	157.1923
220.000000	97.248	157.3235
224.000000	97.214	157.0284
227.000000	97.121	157.0981
230.000000	97.061	157.3478
233.000000	96.996	157.2068
236.000000	96.942	157.2913
240.000000	96.826	157.5023
243.000000	96.796	157.6293
247.000000	96.729	157.9575
250.000000	96.677	157.9755
254.000000	96.620	158.2692
258.000000	96.525	158.5399
262.000000	96.476	158.6294
265.000000	96.414	158.8966
269.000000	96.345	159.2519
272.000000	96.294	159.4003
276.000000	96.252	159.5832
280.000000	96.194	159.9245
285.000000	96.086	160.1146
290.000000	96.033	160.5616
295.000000	95.966	160.9055
300.000000	95.896	161.3324
304.000000	95.869	161.5646
307.000000	95.813	161.9181
311.000000	95.772	161.9924
315.000000	95.735	162.4378
320.000000	95.679	162.6826
325.000000	95.599	162.9401
330.000000	95.536	163.2605
335.000000	95.507	163.7900
340.000000	95.448	164.1435
345.000000	95.423	164.6634
350.000000	95.361	164.8922
355.000000	95.300	165.2552
360.000000	95.252	165.5159
365.000000	95.208	165.9817
370.000000	95.185	166.2319
375.000000	95.138	166.6717
382.000000	95.091	167.1294
387.000000	95.071	167.6127
395.000000	94.974	167.9595
400.000000	94.932	168.4695
406.000000	94.910	168.9111
412.000000	94.855	169.4385
418.000000	94.844	169.7605
425.000000	94.788	170.1819
431.000000	94.746	170.6370
437.000000	94.712	170.9262
444.000000	94.681	171.5366
450.000000	94.657	171.9559
455.000000	94.642	172.3776
462.000000	94.567	172.7953
468.000000	94.569	173.3206
475.000000	94.529	173.7382
482.000000	94.485	174.2403
487.000000	94.473	174.4731
494.000000	94.436	174.9943
500.000000	94.437	175.4559
508.000000	94.396	176.0856
515.000000	94.341	176.5154
522.000000	94.347	176.8662
530.000000	94.327	177.5689
538.000000	94.298	178.2493
545.000000	94.274	178.5474
552.000000	94.238	178.9138
560.000000	94.233	179.6194
570.000000	94.216	-179.7822
580.000000	94.194	-179.0352
590.000000	94.149	-178.2639
600.000000	94.147	-177.5753
608.000000	94.108	-177.1471
615.000000	94.102	-176.7176
622.000000	94.120	-176.2419
630.000000	94.122	-175.6466
640.000000	94.064	-174.8860
650.000000	94.085	-174.1511
660.000000	94.061	-173.4835
670.000000	94.064	-172.8996
680.000000	94.081	-172.2623
690.000000	94.091	-171.3920
700.000000	94.066	-170.7374
710.000000	94.091	-170.1466
720.000000	94.103	-169.3666
730.000000	94.091	-168.7888
740.000000	94.138	-167.8705
750.000000	94.129	-167.3310
762.000000	94.171	-166.4793
775.000000	94.234	-165.5975
788.000000	94.264	-165.0254
800.000000	94.287	-164.4631
812.000000	94.268	-163.5605
825.000000	94.291	-162.3853
838.000000	94.376	-161.3081
850.000000	94.448	-160.3745
862.000000	94.528	-159.6022
875.000000	94.644	-158.9377
885.000000	94.714	-158.3903
900.000000	94.833	-157.7004
912.000000	94.886	-157.4076
925.000000	94.982	-156.8708
938.000000	95.042	-156.3733
950.000000	95.100	-155.8892
962.000000	95.169	-155.4997
975.000000	95.265	-155.0283
988.000000	95.354	-154.5005
1000.000000	95.418	-154.2198
1015.000000	95.508	-153.6304
1030.000000	95.557	-153.1749
1044.000000	95.656	-152.7050
1060.000000	95.773	-152.2759
1075.000000	95.854	-151.8140
1090.000000	95.961	-151.5192
1106.000000	96.066	-151.0567
1120.000000	96.134	-150.8458
1138.000000	96.263	-150.4394
1150.000000	96.300	-150.3207
1172.000000	96.420	-149.8652
1180.000000	96.500	-149.8303
1206.000000	96.642	-149.3910
1220.000000	96.719	-149.2166
1241.000000	96.824	-148.9916
1250.000000	96.865	-148.8427
1265.000000	96.950	-148.7227
1280.000000	97.041	-148.5156
1315.000000	97.208	-148.1562
1320.000000	97.240	-148.1122
1340.000000	97.343	-148.0634
1360.000000	97.430	-147.7523
1380.000000	97.506	-147.7796
1400.000000	97.584	-147.6199
1430.000000	97.732	-147.3556
1450.000000	97.812	-147.2358
1475.000000	97.904	-147.0836
1500.000000	98.027	-146.9523
1525.000000	98.111	-146.9179
1550.000000	98.224	-146.6979
1575.000000	98.322	-146.5462
1600.000000	98.447	-146.4471
1625.000000	98.526	-146.3540
1650.000000	98.622	-146.2816
1675.000000	98.730	-146.1622
1700.000000	98.833	-146.0102
1725.000000	98.936	-146.0531
1750.000000	99.037	-145.9165
1775.000000	99.127	-145.8508
1800.000000	99.244	-145.7915
1825.000000	99.335	-145.7773
1850.000000	99.433	-145.8231
1875.000000	99.545	-145.7952
1900.000000	99.649	-145.8200
1925.000000	99.752	-145.8585
1950.000000	99.854	-145.8165
1975.000000	99.965	-145.9608
2000.000000	100.066	-146.0418
2030.000000	100.181	-146.1453
2060.000000	100.318	-146.2802
2090.000000	100.448	-146.3634
2120.000000	100.553	-146.6646
2140.000000	100.645	-146.6511
2180.000000	100.806	-147.1037
2200.000000	100.878	-147.2068
2240.000000	101.034	-147.6179
2270.000000	101.162	-147.9647
2300.000000	101.280	-148.3394
2330.000000	101.397	-148.7496
2360.000000	101.514	-149.1257
2400.000000	101.650	-149.6994
2430.000000	101.762	-150.2059
2470.000000	101.910	-150.8981
2500.000000	101.992	-151.5490
2540.000000	102.137	-152.1115
2580.000000	102.267	-152.9300
2620.000000	102.375	-153.7563
2650.000000	102.465	-154.3833
2690.000000	102.581	-155.3732
2720.000000	102.659	-156.1019
2760.000000	102.742	-157.0833
2800.000000	102.842	-157.9169
2850.000000	102.952	-159.3173
2900.000000	103.046	-160.8323
2950.000000	103.101	-162.2363
3000.000000	103.156	-163.6904
3040.000000	103.186	-164.8620
3070.000000	103.218	-165.7462
3110.000000	103.221	-166.8911
3150.000000	103.230	-168.0358
3200.000000	103.223	-169.5015
3250.000000	103.197	-170.9401
3300.000000	103.159	-172.3553
3350.000000	103.109	-173.8015
3400.000000	103.043	-175.1790
3450.000000	102.953	-176.5810
3500.000000	102.870	-177.8296
3550.000000	102.777	-179.0641
3600.000000	102.665	179.7523
3650.000000	102.530	178.5900
3700.000000	102.392	177.4220
3750.000000	102.261	176.4868
3820.000000	102.054	175.1135
3870.000000	101.875	174.2199
3950.000000	101.610	172.9441
4000.000000	101.429	172.1869
4060.000000	101.225	171.4076
4120.000000	100.993	170.7463
4180.000000	100.759	170.2152
4250.000000	100.504	169.5471
4310.000000	100.257	169.1617
4370.000000	100.013	168.7804
4440.000000	99.746	168.7257
4500.000000	99.493	168.5087
4550.000000	99.310	168.6376
4620.000000	99.033	168.5911
4680.000000	98.813	168.6823
4750.000000	98.530	168.8881
4820.000000	98.256	169.3459
4870.000000	98.075	169.6870
4940.000000	97.805	170.4609
5000.000000	97.623	170.9283
5080.000000	97.346	171.5291
5150.000000	97.129	172.4452
5220.000000	96.873	173.0800
5300.000000	96.600	174.4850
5380.000000	96.393	175.6055
5450.000000	96.223	176.6526
5520.000000	96.059	178.2628
5600.000000	95.845	179.6331
5700.000000	95.717	-178.7585
5800.000000	95.539	-176.8045
5900.000000	95.389	-174.7688
6000.000000	95.347	-172.6043
6080.000000	95.233	-170.9840
6150.000000	95.234	-169.4942
6220.000000	95.188	-168.3251
6300.000000	95.214	-166.6304
6400.000000	95.234	-165.0135
6500.000000	95.315	-163.0679
6600.000000	95.361	-161.5466
6700.000000	95.461	-159.8162
6800.000000	95.581	-158.2524
6900.000000	95.740	-156.7709
7000.000000	95.944	-155.2396
7100.000000	96.192	-154.0305
7200.000000	96.502	-152.6312
7300.000000	96.846	-152.2342
7400.000000	97.256	-152.1432
7500.000000	97.687	-152.7596
7620.000000	98.218	-154.3656
7750.000000	98.753	-157.6028
7880.000000	99.157	-162.6982
8000.000000	99.295	-168.5652
8120.000000	99.074	-174.6581
8250.000000	98.484	179.3427
8380.000000	97.644	174.9272
8500.000000	96.818	172.6781
8620.000000	95.934	171.9050
8750.000000	95.123	172.2976
8850.000000	94.474	173.2868
9000.000000	93.751	175.5434
9120.000000	93.251	177.8918
9250.000000	92.931	179.6555
9380.000000	92.496	-178.5317
9500.000000	92.108	-176.5147
9620.000000	91.812	-175.1086
9750.000000	91.488	-172.2560
9880.000000	91.135	-169.5536
10000.000000	90.903	-166.9216
10150.000000	90.744	-163.8959
10300.000000	90.456	-160.4413
10440.000000	90.435	-157.0389
10600.000000	90.382	-153.1196
10750.000000	90.447	-149.0141
10900.000000	90.581	-144.7045
11060.000000	90.914	-140.6968
11200.000000	91.373	-137.4368
11380.000000	92.080	-132.8850
11500.000000	92.724	-130.0145
11720.000000	94.369	-126.7766
11800.000000	95.113	-126.3858
12060.000000	98.219	-130.9657
12200.000000	100.269	-140.4862
12410.000000	102.124	-171.6572
12500.000000	101.538	172.6389
12650.000000	99.280	154.3242
12800.000000	96.806	145.8017
13150.000000	92.292	142.4847
13200.000000	91.799	143.2061
13400.000000	89.939	146.4097
13600.000000	88.910	150.7973
13800.000000	87.903	152.7410
14000.000000	87.062	156.1945
14300.000000	85.925	162.3645
14500.000000	85.376	166.1961
14750.000000	85.027	169.6622
15000.000000	84.661	173.6798
15250.000000	84.854	177.0409
15500.000000	84.959	-178.8839
15750.000000	85.379	-177.9476
16000.000000	86.236	-179.0757
16250.000000	87.061	177.2352
16500.000000	88.077	171.2153
16750.000000	88.855	160.2928
17000.000000	89.230	144.1530
17250.000000	88.626	126.3226
17500.000000	87.170	109.9556
17750.000000	85.362	96.8361
18000.000000	83.272	88.3650
18250.000000	81.246	81.6599
18500.000000	79.213	73.9548
18750.000000	77.138	72.0424
19000.000000	74.966	66.4843
19250.000000	73.667	63.6228
19500.000000	70.833	58.4963
19750.000000	69.960	62.2084
