* Measurement data measured by REW V5.31.1
* Source: EXCL: Micrófono (Realtek(R) Audio), MICROPHONE (Volumen general), L, volume: 0,900. Timing signal peak level -19,0 dBFS, measurement signal peak level -14,4 dBFS
* Format: 512k Log Swept Sine, 1 sweep at -12,0 dBFS using an acoustic timing reference
* Dated: 7/09/2025 09:12:30 PM
* REW Settings:
*  C-weighting compensation: Off
*  Target level: 75.0 dB
* Note: ; Delay -0,0173 ms (-5,9 mm, -0,23 in) using estimated IR delay relative to Acoustic reference played from HEADPHONE L with no timing offset Clock adjustment: 19,2 ppm
* Measurement: L white
* Smoothing: None
* Frequency Step: 1/48 octave
* Start Frequency: 20.000 Hz
*
* Freq(Hz)	SPL(dB)	Phase(degrees)
20.000000	104.094	-154.9426
20.299999	104.117	-155.5338
20.600000	104.146	-156.1263
20.900000	104.180	-156.7594
21.200001	104.212	-157.4597
21.400000	104.227	-157.9554
21.799999	104.240	-158.9598
22.000000	104.238	-159.4362
22.400000	104.224	-160.2789
22.700001	104.216	-160.8156
23.000000	104.215	-161.3127
23.299999	104.222	-161.8214
23.600000	104.229	-162.3596
24.000000	104.231	-163.0998
24.299999	104.226	-163.6220
24.700001	104.220	-164.2348
25.000000	104.223	-164.6599
25.400000	104.238	-165.2677
25.799999	104.248	-165.9759
26.200001	104.236	-166.6938
26.500000	104.216	-167.1348
26.900000	104.194	-167.5367
27.200001	104.199	-167.7722
27.600000	104.234	-168.1976
28.000000	104.270	-168.9054
28.500000	104.253	-169.9801
29.000000	104.178	-170.6730
29.500000	104.146	-170.8626
30.000000	104.204	-171.2755
30.400000	104.244	-172.1479
30.700001	104.222	-172.9832
31.100000	104.113	-173.8206
31.500000	103.980	-173.9218
32.000000	103.947	-173.2438
32.500000	104.109	-173.0398
33.000000	104.273	-174.1595
33.500000	104.267	-175.7667
34.000000	104.140	-176.4929
34.500000	104.102	-176.2270
35.000000	104.225	-176.2215
35.500000	104.336	-177.2634
36.000000	104.268	-178.4518
36.500000	104.095	-178.3395
37.000000	104.093	-176.7805
37.500000	104.411	-175.5863
38.200001	104.996	-177.4893
38.700001	105.140	179.1915
39.500000	104.735	174.7772
40.000000	104.323	174.1750
40.599998	103.995	175.1896
41.200001	103.912	176.1949
41.799999	103.907	176.3558
42.500000	103.863	175.9533
43.099998	103.792	175.5278
43.700001	103.714	175.2223
44.400002	103.674	174.9904
45.000000	103.688	174.4406
45.500000	103.669	173.6699
46.200001	103.565	172.8936
46.799999	103.519	172.8017
47.500000	103.559	172.3215
48.200001	103.515	171.4076
48.700001	103.437	171.2253
49.400002	103.434	171.4771
50.000000	103.499	171.0908
50.799999	103.453	170.0190
51.500000	103.343	169.7265
52.200001	103.298	169.6512
53.000000	103.266	169.2420
53.799999	103.224	168.6783
54.500000	103.170	168.1300
55.200001	103.127	167.7991
56.000000	103.141	167.1870
57.000000	103.050	166.3369
58.000000	103.172	166.6851
59.000000	103.337	163.8694
60.000000	102.846	162.5891
60.799999	102.743	164.5999
61.500000	102.897	164.8301
62.200001	102.878	164.0938
63.000000	102.771	164.1755
64.000000	102.776	164.1066
65.000000	102.687	163.4691
66.000000	102.603	163.2719
67.000000	102.558	162.8886
68.000000	102.518	162.4290
69.000000	102.461	161.8738
70.000000	102.384	161.6441
71.000000	102.353	161.5320
72.000000	102.312	161.2227
73.000000	102.259	160.9783
74.000000	102.197	160.6637
75.000000	102.135	160.4661
76.199997	102.074	160.0338
77.500000	102.009	159.6940
78.800003	101.915	159.2629
80.000000	101.918	159.1933
81.199997	101.821	158.2318
82.500000	101.720	158.4362
83.800003	101.644	158.0384
85.000000	101.619	158.1153
86.199997	101.563	157.5780
87.500000	101.517	157.6128
88.500000	101.488	157.1870
90.000000	101.385	157.0415
91.199997	101.333	156.7875
92.500000	101.248	156.6364
93.800003	101.202	156.4247
95.000000	101.139	156.0973
96.199997	101.071	155.9444
97.500000	101.022	155.8361
98.800003	100.971	155.6088
100.000000	100.913	155.4638
101.500000	100.836	155.2371
103.000000	100.765	155.1435
104.400002	100.706	154.9589
106.000000	100.638	154.7574
107.500000	100.568	154.6254
109.000000	100.502	154.5485
110.599998	100.441	154.4042
112.000000	100.390	154.2623
113.800003	100.305	153.9251
115.000000	100.243	153.9224
117.199997	100.169	153.8789
118.000000	100.134	153.9272
120.599998	100.024	153.8466
122.000000	100.017	153.8071
124.099998	99.874	153.4553
125.000000	99.842	153.3934
126.500000	99.783	153.2860
128.000000	99.712	153.2020
131.500000	99.556	153.2592
132.000000	99.553	153.2531
134.000000	99.485	153.0065
136.000000	99.404	152.9745
138.000000	99.355	152.8634
140.000000	99.279	152.7979
143.000000	99.136	152.9253
145.000000	99.073	152.8379
147.500000	98.990	152.7743
150.000000	98.891	152.7933
152.500000	98.803	152.7348
155.000000	98.732	152.7509
157.500000	98.646	152.7389
160.000000	98.572	152.8821
162.500000	98.495	153.1051
165.000000	98.395	153.0257
167.500000	98.289	153.2730
170.000000	98.229	153.2118
172.500000	98.197	153.0486
175.000000	98.016	153.0803
177.500000	98.002	153.5534
180.000000	97.908	153.8907
182.500000	97.835	154.0477
185.000000	97.764	154.2285
187.500000	97.703	154.5967
190.000000	97.616	154.9835
192.500000	97.568	154.9077
195.000000	97.481	155.1985
197.500000	97.486	155.6009
200.000000	97.466	156.0770
203.000000	97.409	156.7601
206.000000	97.440	156.4042
209.000000	97.362	156.5119
212.000000	97.319	156.4982
214.000000	97.271	156.1338
218.000000	97.257	156.4031
220.000000	97.203	156.4720
224.000000	97.134	156.5578
227.000000	97.057	156.7084
230.000000	97.000	156.8083
233.000000	96.952	157.0312
236.000000	96.877	157.0255
240.000000	96.798	157.2430
243.000000	96.729	157.2173
247.000000	96.681	157.6579
250.000000	96.604	157.9276
254.000000	96.565	157.9291
258.000000	96.485	158.2616
262.000000	96.420	158.5301
265.000000	96.361	158.7022
269.000000	96.315	158.9825
272.000000	96.255	159.0981
276.000000	96.186	159.3707
280.000000	96.135	159.6759
285.000000	96.060	159.9723
290.000000	95.999	160.3486
295.000000	95.909	160.8293
300.000000	95.853	161.1010
304.000000	95.770	161.4754
307.000000	95.734	161.6780
311.000000	95.686	162.0115
315.000000	95.652	162.3730
320.000000	95.584	162.8605
325.000000	95.543	163.2899
330.000000	95.497	163.7155
335.000000	95.457	163.9659
340.000000	95.459	164.4279
345.000000	95.403	164.8018
350.000000	95.363	165.0699
355.000000	95.349	165.3735
360.000000	95.308	165.9432
365.000000	95.249	166.0869
370.000000	95.237	166.4270
375.000000	95.175	166.8235
382.000000	95.130	167.2731
387.000000	95.083	167.6227
395.000000	95.030	167.9467
400.000000	94.997	168.2230
406.000000	94.984	168.5620
412.000000	94.948	168.9097
418.000000	94.861	169.3801
425.000000	94.837	169.9512
431.000000	94.810	170.2081
437.000000	94.761	170.5801
444.000000	94.728	171.0522
450.000000	94.695	171.5927
455.000000	94.691	171.8356
462.000000	94.631	172.2100
468.000000	94.597	172.7457
475.000000	94.574	173.1348
482.000000	94.550	173.7572
487.000000	94.502	174.0401
494.000000	94.496	174.4031
500.000000	94.450	174.8060
508.000000	94.407	175.4324
515.000000	94.380	175.8642
522.000000	94.358	176.2227
530.000000	94.335	176.8901
538.000000	94.336	177.4846
545.000000	94.302	177.7656
552.000000	94.261	178.3203
560.000000	94.245	178.8067
570.000000	94.226	179.3842
580.000000	94.206	-179.7082
590.000000	94.166	-179.1393
600.000000	94.182	-178.6268
608.000000	94.131	-178.0302
615.000000	94.132	-177.5875
622.000000	94.108	-177.0249
630.000000	94.122	-176.5521
640.000000	94.122	-175.7797
650.000000	94.078	-175.0742
660.000000	94.074	-174.4133
670.000000	94.115	-173.6923
680.000000	94.079	-173.0684
690.000000	94.080	-172.3035
700.000000	94.084	-171.6898
710.000000	94.089	-171.1477
720.000000	94.067	-170.3500
730.000000	94.097	-169.5506
740.000000	94.130	-168.9263
750.000000	94.126	-168.2023
762.000000	94.177	-167.3492
775.000000	94.219	-166.4084
788.000000	94.261	-165.8669
800.000000	94.264	-165.4576
812.000000	94.250	-164.6432
825.000000	94.259	-163.5430
838.000000	94.336	-162.2915
850.000000	94.453	-161.4438
862.000000	94.501	-160.6980
875.000000	94.611	-159.9220
885.000000	94.688	-159.6169
900.000000	94.786	-158.9684
912.000000	94.855	-158.3552
925.000000	94.943	-157.9974
938.000000	95.004	-157.4110
950.000000	95.101	-157.0646
962.000000	95.144	-156.7556
975.000000	95.248	-156.3557
988.000000	95.294	-155.7011
1000.000000	95.370	-155.4503
1015.000000	95.456	-154.8950
1030.000000	95.539	-154.3835
1044.000000	95.626	-153.9566
1060.000000	95.727	-153.5741
1075.000000	95.801	-153.0862
1090.000000	95.890	-152.8948
1106.000000	96.002	-152.2932
1120.000000	96.090	-152.0061
1138.000000	96.188	-151.8372
1150.000000	96.240	-151.4945
1172.000000	96.398	-151.1226
1180.000000	96.432	-151.1799
1206.000000	96.578	-150.7253
1220.000000	96.652	-150.5488
1241.000000	96.763	-150.2061
1250.000000	96.799	-150.1149
1265.000000	96.896	-149.9546
1280.000000	96.981	-149.8833
1315.000000	97.130	-149.5558
1320.000000	97.135	-149.4584
1340.000000	97.229	-149.2677
1360.000000	97.333	-149.1378
1380.000000	97.429	-149.1500
1400.000000	97.502	-149.0161
1430.000000	97.636	-148.7979
1450.000000	97.719	-148.7398
1475.000000	97.830	-148.5834
1500.000000	97.925	-148.4348
1525.000000	98.032	-148.2592
1550.000000	98.114	-148.1253
1575.000000	98.224	-148.0482
1600.000000	98.322	-147.9798
1625.000000	98.427	-147.8355
1650.000000	98.525	-147.7756
1675.000000	98.612	-147.5780
1700.000000	98.722	-147.5548
1725.000000	98.812	-147.5204
1750.000000	98.907	-147.4220
1775.000000	99.032	-147.2123
1800.000000	99.109	-147.2881
1825.000000	99.233	-147.2234
1850.000000	99.323	-147.2668
1875.000000	99.430	-147.1656
1900.000000	99.540	-147.1230
1925.000000	99.630	-147.2102
1950.000000	99.747	-147.2137
1975.000000	99.858	-147.3253
2000.000000	99.944	-147.3889
2030.000000	100.067	-147.4502
2060.000000	100.204	-147.5702
2090.000000	100.336	-147.7280
2120.000000	100.449	-147.8799
2140.000000	100.526	-148.1049
2180.000000	100.715	-148.3202
2200.000000	100.808	-148.5976
2240.000000	100.987	-149.0153
2270.000000	101.111	-149.3994
2300.000000	101.239	-149.7598
2330.000000	101.353	-150.1771
2360.000000	101.466	-150.6550
2400.000000	101.631	-151.4226
2430.000000	101.737	-151.9301
2470.000000	101.889	-152.6552
2500.000000	101.989	-153.2529
2540.000000	102.146	-154.1553
2580.000000	102.274	-155.0905
2620.000000	102.410	-156.0658
2650.000000	102.493	-156.7822
2690.000000	102.597	-157.8563
2720.000000	102.672	-158.7118
2760.000000	102.773	-159.8565
2800.000000	102.853	-161.0501
2850.000000	102.941	-162.6316
2900.000000	103.010	-164.0848
2950.000000	103.060	-165.7443
3000.000000	103.090	-167.4181
3040.000000	103.105	-168.7361
3070.000000	103.108	-169.7524
3110.000000	103.092	-171.0270
3150.000000	103.085	-172.3808
3200.000000	103.046	-173.9089
3250.000000	102.974	-175.5384
3300.000000	102.895	-176.9961
3350.000000	102.803	-178.4592
3400.000000	102.672	-179.9884
3450.000000	102.548	178.7305
3500.000000	102.417	177.5367
3550.000000	102.258	176.4142
3600.000000	102.093	175.3796
3650.000000	101.931	174.4644
3700.000000	101.769	173.5692
3750.000000	101.609	172.8134
3820.000000	101.365	171.8004
3870.000000	101.176	171.0831
3950.000000	100.907	170.1930
4000.000000	100.713	169.7003
4060.000000	100.503	169.2357
4120.000000	100.288	168.6667
4180.000000	100.049	168.4092
4250.000000	99.792	167.9023
4310.000000	99.548	167.9786
4370.000000	99.331	167.9360
4440.000000	99.075	167.9152
4500.000000	98.863	167.9144
4550.000000	98.688	167.9462
4620.000000	98.460	168.1293
4680.000000	98.215	168.3866
4750.000000	97.970	168.7719
4820.000000	97.720	169.2787
4870.000000	97.548	169.4960
4940.000000	97.281	170.5206
5000.000000	97.159	171.3536
5080.000000	96.907	171.9835
5150.000000	96.695	172.7468
5220.000000	96.518	173.6033
5300.000000	96.328	174.7151
5380.000000	96.128	175.8989
5450.000000	95.987	177.0817
5520.000000	95.834	178.0921
5600.000000	95.653	179.5559
5700.000000	95.498	-178.7906
5800.000000	95.354	-177.0031
5900.000000	95.256	-175.1546
6000.000000	95.125	-173.1757
6080.000000	95.099	-171.6578
6150.000000	95.066	-170.5771
6220.000000	95.011	-168.9507
6300.000000	95.030	-167.3982
6400.000000	95.069	-165.4358
6500.000000	95.103	-163.2977
6600.000000	95.235	-161.6212
6700.000000	95.377	-159.9086
6800.000000	95.551	-157.9595
6900.000000	95.789	-156.4742
7000.000000	96.084	-155.2349
7100.000000	96.380	-154.1439
7200.000000	96.764	-153.3380
7300.000000	97.191	-153.1600
7400.000000	97.658	-153.5544
7500.000000	98.147	-154.6797
7620.000000	98.688	-157.0974
7750.000000	99.272	-161.2551
7880.000000	99.700	-167.2592
8000.000000	99.824	-173.7576
8120.000000	99.587	179.2035
8250.000000	98.986	172.0722
8380.000000	98.123	166.6085
8500.000000	97.111	163.2733
8620.000000	96.167	161.8103
8750.000000	95.131	161.3390
8850.000000	94.408	162.1887
9000.000000	93.467	163.8892
9120.000000	92.933	166.1490
9250.000000	92.400	167.8815
9380.000000	91.881	169.3048
9500.000000	91.429	171.1560
9620.000000	90.997	172.7195
9750.000000	90.522	174.7465
9880.000000	90.082	177.4197
10000.000000	89.757	179.2582
10150.000000	89.229	-177.8878
10300.000000	88.805	-174.2179
10440.000000	88.540	-170.9457
10600.000000	88.172	-167.7125
10750.000000	87.928	-163.8261
10900.000000	87.622	-159.4739
11060.000000	87.547	-155.3327
11200.000000	87.478	-151.1143
11380.000000	87.549	-145.6516
11500.000000	87.577	-142.2017
11720.000000	88.075	-136.0380
11800.000000	88.218	-133.7887
12060.000000	89.075	-127.6625
12200.000000	89.629	-124.3835
12410.000000	90.701	-121.2387
12500.000000	91.284	-119.9584
12650.000000	92.288	-119.1808
12800.000000	93.516	-119.5090
13150.000000	96.788	-130.4185
13200.000000	97.197	-133.3326
13400.000000	98.394	-150.4776
13600.000000	98.421	-168.4809
13800.000000	97.062	173.4665
14000.000000	95.122	164.1248
14300.000000	92.649	159.3736
14500.000000	91.341	158.8757
14750.000000	90.105	159.7650
15000.000000	89.178	160.7560
15250.000000	88.321	160.7846
15500.000000	87.841	161.5185
15750.000000	87.573	161.6629
16000.000000	87.513	159.9171
16250.000000	87.281	157.6986
16500.000000	87.113	154.2110
16750.000000	86.888	150.5924
17000.000000	86.625	145.3591
17250.000000	86.270	138.8231
17500.000000	85.673	131.9447
17750.000000	84.923	127.2060
18000.000000	84.733	122.5906
18250.000000	83.988	115.7493
18500.000000	83.790	107.4804
18750.000000	83.416	98.5885
19000.000000	82.427	86.7091
19250.000000	81.565	73.9711
19500.000000	79.946	61.0597
19750.000000	78.033	51.0238
