* Measurement data measured by REW V5.31.1
* Source: EXCL: Micrófono (Realtek(R) Audio), MICROPHONE (Volumen general), L, volume: 0,900. Timing signal peak level -17,1 dBFS, measurement signal peak level -14,3 dBFS
* Format: 512k Log Swept Sine, 1 sweep at -12,0 dBFS using an acoustic timing reference
* Dated: 7/09/2025 09:01:52 PM
* REW Settings:
*  C-weighting compensation: Off
*  Target level: 75.0 dB
* Note: ; Delay -0,0189 ms (-6,5 mm, -0,26 in) using estimated IR delay relative to Acoustic reference played from HEADPHONE R with no timing offset Clock adjustment: 19,1 ppm
* Measurement: R black
* Smoothing: None
* Frequency Step: 1/48 octave
* Start Frequency: 20.000 Hz
*
* Freq(Hz)	SPL(dB)	Phase(degrees)
20.000000	104.553	-158.9566
20.299999	104.569	-159.7209
20.600000	104.574	-160.4743
20.900000	104.571	-161.1832
21.200001	104.562	-161.8185
21.400000	104.556	-162.1985
21.799999	104.553	-162.8830
22.000000	104.556	-163.2092
22.400000	104.571	-163.8839
22.700001	104.586	-164.4360
23.000000	104.595	-165.0263
23.299999	104.597	-165.6258
23.600000	104.591	-166.2035
24.000000	104.578	-166.9043
24.299999	104.568	-167.3761
24.700001	104.563	-167.9673
25.000000	104.565	-168.4162
25.400000	104.569	-169.0506
25.799999	104.569	-169.7191
26.200001	104.563	-170.3860
26.500000	104.555	-170.8658
26.900000	104.544	-171.4713
27.200001	104.536	-171.9049
27.600000	104.527	-172.4627
28.000000	104.517	-172.9926
28.500000	104.508	-173.5945
29.000000	104.509	-174.1311
29.500000	104.528	-174.6589
30.000000	104.562	-175.2722
30.400000	104.595	-175.8880
30.700001	104.616	-176.4492
31.100000	104.627	-177.3382
31.500000	104.601	-178.3324
32.000000	104.495	-179.4786
32.500000	104.325	179.9010
33.000000	104.179	-179.9493
33.500000	104.147	-179.3959
34.000000	104.235	-179.2674
34.500000	104.332	179.9924
35.000000	104.332	178.7463
35.500000	104.227	177.7698
36.000000	104.109	177.4677
36.500000	104.067	177.5268
37.000000	104.098	177.3205
37.500000	104.125	176.6590
38.200001	104.080	175.6082
38.700001	104.026	175.1701
39.500000	104.001	174.6787
40.000000	104.001	174.2040
40.599998	103.976	173.5652
41.200001	103.934	173.0906
41.799999	103.907	172.7364
42.500000	103.890	172.2382
43.099998	103.861	171.7442
43.700001	103.820	171.3237
44.400002	103.779	170.9137
45.000000	103.750	170.5201
45.500000	103.720	170.1648
46.200001	103.671	169.7172
46.799999	103.636	169.3745
47.500000	103.599	168.9308
48.200001	103.557	168.4745
48.700001	103.526	168.1790
49.400002	103.488	167.7706
50.000000	103.452	167.4139
50.799999	103.404	167.0167
51.500000	103.376	166.6825
52.200001	103.346	166.2463
53.000000	103.289	165.7673
53.799999	103.234	165.4221
54.500000	103.195	165.0890
55.200001	103.145	164.7306
56.000000	103.086	164.4110
57.000000	103.028	164.0081
58.000000	102.968	163.5533
59.000000	102.915	163.0803
60.000000	102.855	162.5548
60.799999	102.806	162.1947
61.500000	102.766	161.8923
62.200001	102.726	161.6077
63.000000	102.684	161.3146
64.000000	102.626	160.9552
65.000000	102.565	160.7089
66.000000	102.512	160.4409
67.000000	102.444	160.1858
68.000000	102.380	159.9665
69.000000	102.320	159.7538
70.000000	102.277	159.4016
71.000000	102.201	158.9366
72.000000	102.137	158.6933
73.000000	102.085	158.2768
74.000000	102.018	157.9937
75.000000	101.976	157.7076
76.199997	101.923	157.4092
77.500000	101.856	156.8801
78.800003	101.777	156.9106
80.000000	101.719	156.5729
81.199997	101.649	157.0140
82.500000	101.713	156.5909
83.800003	101.589	155.7326
85.000000	101.449	155.6815
86.199997	101.385	155.6630
87.500000	101.298	155.3463
88.500000	101.240	155.2572
90.000000	101.171	154.9175
91.199997	101.096	154.7464
92.500000	101.031	154.5793
93.800003	100.959	154.5120
95.000000	100.916	154.2730
96.199997	100.830	154.0741
97.500000	100.774	153.9958
98.800003	100.707	153.8424
100.000000	100.667	153.7739
101.500000	100.590	153.4833
103.000000	100.517	153.4831
104.400002	100.435	153.2907
106.000000	100.379	153.3425
107.500000	100.309	153.0946
109.000000	100.246	152.9787
110.599998	100.166	152.9397
112.000000	100.112	152.9169
113.800003	100.033	152.7710
115.000000	99.973	152.7162
117.199997	99.870	152.6300
118.000000	99.839	152.6673
120.599998	99.735	152.4984
122.000000	99.676	152.4654
124.099998	99.583	152.3864
125.000000	99.531	152.3842
126.500000	99.482	152.4153
128.000000	99.421	152.2748
131.500000	99.285	152.2774
132.000000	99.275	152.3011
134.000000	99.196	152.1789
136.000000	99.101	152.3083
138.000000	99.016	152.1961
140.000000	98.957	152.4388
143.000000	98.853	152.3207
145.000000	98.791	152.3572
147.500000	98.678	152.3608
150.000000	98.584	152.4612
152.500000	98.523	152.5898
155.000000	98.413	152.8599
157.500000	98.340	152.6920
160.000000	98.265	152.7954
162.500000	98.154	152.9459
165.000000	98.086	152.9351
167.500000	97.987	153.7947
170.000000	97.919	153.6031
172.500000	97.927	154.5787
175.000000	97.786	153.9507
177.500000	97.690	154.3639
180.000000	97.587	154.5554
182.500000	97.584	154.7019
185.000000	97.462	155.1493
187.500000	97.446	155.5687
190.000000	97.378	155.9416
192.500000	97.396	156.3227
195.000000	97.389	156.6035
197.500000	97.366	156.6687
200.000000	97.356	156.5338
203.000000	97.322	156.7077
206.000000	97.290	156.7211
209.000000	97.297	156.9863
212.000000	97.133	156.5700
214.000000	97.190	155.6147
218.000000	97.081	156.6907
220.000000	97.049	157.0126
224.000000	96.983	157.0235
227.000000	96.884	157.0656
230.000000	96.828	157.3009
233.000000	96.776	157.5934
236.000000	96.722	157.5578
240.000000	96.645	157.8257
243.000000	96.604	157.9574
247.000000	96.524	158.3749
250.000000	96.492	158.3860
254.000000	96.426	158.6178
258.000000	96.331	158.9423
262.000000	96.280	159.0729
265.000000	96.228	159.3757
269.000000	96.181	159.7306
272.000000	96.143	159.9568
276.000000	96.060	160.0800
280.000000	95.995	160.2816
285.000000	95.977	160.5689
290.000000	95.901	161.2523
295.000000	95.828	161.6851
300.000000	95.769	162.0178
304.000000	95.730	162.2424
307.000000	95.685	162.3528
311.000000	95.638	162.7692
315.000000	95.601	163.1025
320.000000	95.531	163.3268
325.000000	95.499	163.7625
330.000000	95.447	164.2431
335.000000	95.390	164.4583
340.000000	95.353	165.0670
345.000000	95.306	165.2943
350.000000	95.267	165.5945
355.000000	95.224	165.9526
360.000000	95.174	166.2935
365.000000	95.151	166.4969
370.000000	95.111	167.1199
375.000000	95.085	167.3593
382.000000	95.012	167.7718
387.000000	94.993	168.0140
395.000000	94.913	168.6848
400.000000	94.879	169.1342
406.000000	94.839	169.5567
412.000000	94.829	169.9916
418.000000	94.801	170.5628
425.000000	94.732	170.9167
431.000000	94.694	171.1609
437.000000	94.655	171.7562
444.000000	94.644	172.2972
450.000000	94.620	172.6641
455.000000	94.611	173.1485
462.000000	94.576	173.6838
468.000000	94.560	174.0502
475.000000	94.521	174.4820
482.000000	94.528	174.9478
487.000000	94.507	175.2109
494.000000	94.464	175.7474
500.000000	94.476	175.8736
508.000000	94.426	176.4566
515.000000	94.410	176.9456
522.000000	94.387	177.3307
530.000000	94.360	177.8718
538.000000	94.352	178.3257
545.000000	94.291	178.9492
552.000000	94.302	179.2736
560.000000	94.292	179.8748
570.000000	94.256	-179.6484
580.000000	94.212	-179.1183
590.000000	94.236	-178.1716
600.000000	94.209	-177.5607
608.000000	94.206	-177.1074
615.000000	94.193	-176.5967
622.000000	94.187	-176.3192
630.000000	94.188	-175.7646
640.000000	94.188	-175.1313
650.000000	94.162	-174.4543
660.000000	94.208	-173.7221
670.000000	94.163	-173.0586
680.000000	94.166	-172.5167
690.000000	94.162	-171.7123
700.000000	94.183	-170.9569
710.000000	94.187	-170.4696
720.000000	94.161	-169.7909
730.000000	94.190	-169.0505
740.000000	94.241	-168.2529
750.000000	94.314	-167.5668
762.000000	94.425	-167.3302
775.000000	94.495	-167.3492
788.000000	94.431	-167.8022
800.000000	94.204	-167.1890
812.000000	94.084	-165.4107
825.000000	94.151	-163.4259
838.000000	94.290	-162.2304
850.000000	94.382	-161.2619
862.000000	94.462	-160.3966
875.000000	94.580	-159.5847
885.000000	94.661	-159.2246
900.000000	94.778	-158.5285
912.000000	94.887	-158.2010
925.000000	94.963	-157.5032
938.000000	95.042	-157.1398
950.000000	95.100	-156.8840
962.000000	95.174	-156.2186
975.000000	95.260	-155.7755
988.000000	95.328	-155.5722
1000.000000	95.392	-155.0942
1015.000000	95.471	-154.5390
1030.000000	95.561	-154.2799
1044.000000	95.638	-153.8745
1060.000000	95.743	-153.3222
1075.000000	95.827	-152.9754
1090.000000	95.898	-152.7308
1106.000000	96.016	-152.1320
1120.000000	96.110	-151.9902
1138.000000	96.188	-151.6276
1150.000000	96.284	-151.4620
1172.000000	96.410	-151.1822
1180.000000	96.436	-151.0545
1206.000000	96.585	-150.5298
1220.000000	96.654	-150.4601
1241.000000	96.791	-150.2249
1250.000000	96.817	-150.0581
1265.000000	96.891	-150.0294
1280.000000	96.962	-149.8772
1315.000000	97.139	-149.5851
1320.000000	97.166	-149.6270
1340.000000	97.257	-149.4583
1360.000000	97.341	-149.4697
1380.000000	97.432	-149.2939
1400.000000	97.503	-149.1174
1430.000000	97.627	-148.9741
1450.000000	97.694	-148.8054
1475.000000	97.791	-148.7433
1500.000000	97.892	-148.4693
1525.000000	97.973	-148.4314
1550.000000	98.092	-148.3185
1575.000000	98.181	-148.0731
1600.000000	98.274	-148.0120
1625.000000	98.358	-147.9653
1650.000000	98.449	-147.8835
1675.000000	98.553	-147.7229
1700.000000	98.653	-147.7247
1725.000000	98.734	-147.6013
1750.000000	98.803	-147.5716
1775.000000	98.907	-147.4939
1800.000000	98.999	-147.4588
1825.000000	99.104	-147.4608
1850.000000	99.205	-147.3596
1875.000000	99.287	-147.3555
1900.000000	99.375	-147.1815
1925.000000	99.478	-147.4685
1950.000000	99.579	-147.3124
1975.000000	99.663	-147.4175
2000.000000	99.762	-147.3494
2030.000000	99.875	-147.5796
2060.000000	99.991	-147.5744
2090.000000	100.118	-147.6989
2120.000000	100.216	-147.8390
2140.000000	100.301	-147.9958
2180.000000	100.451	-148.3521
2200.000000	100.527	-148.4437
2240.000000	100.680	-148.6510
2270.000000	100.786	-148.8684
2300.000000	100.889	-149.1895
2330.000000	101.012	-149.4763
2360.000000	101.111	-149.8612
2400.000000	101.251	-150.2909
2430.000000	101.355	-150.7236
2470.000000	101.497	-151.2624
2500.000000	101.602	-151.6827
2540.000000	101.724	-152.3229
2580.000000	101.848	-153.0849
2620.000000	101.971	-153.7104
2650.000000	102.044	-154.3140
2690.000000	102.159	-155.0574
2720.000000	102.240	-155.7072
2760.000000	102.345	-156.4592
2800.000000	102.440	-157.3559
2850.000000	102.557	-158.4491
2900.000000	102.659	-159.6944
2950.000000	102.735	-160.9706
3000.000000	102.805	-162.2433
3040.000000	102.867	-163.1429
3070.000000	102.897	-164.0923
3110.000000	102.927	-165.2173
3150.000000	102.960	-166.1986
3200.000000	102.976	-167.5042
3250.000000	102.965	-168.8912
3300.000000	102.970	-170.2963
3350.000000	102.957	-171.7313
3400.000000	102.934	-173.0231
3450.000000	102.880	-174.3605
3500.000000	102.822	-175.5359
3550.000000	102.753	-176.8289
3600.000000	102.663	-178.1505
3650.000000	102.591	-179.2655
3700.000000	102.475	179.4966
3750.000000	102.361	178.3657
3820.000000	102.192	176.8428
3870.000000	102.052	175.8813
3950.000000	101.826	174.4797
4000.000000	101.662	173.4583
4060.000000	101.458	172.6021
4120.000000	101.272	171.6590
4180.000000	101.038	170.7960
4250.000000	100.795	170.0751
4310.000000	100.567	169.4542
4370.000000	100.345	169.1041
4440.000000	100.066	168.4663
4500.000000	99.840	168.2589
4550.000000	99.613	168.1541
4620.000000	99.349	167.9136
4680.000000	99.105	167.9778
4750.000000	98.795	168.0156
4820.000000	98.514	168.2706
4870.000000	98.304	168.4120
4940.000000	97.998	169.0081
5000.000000	97.674	169.3602
5080.000000	97.125	171.5306
5150.000000	97.496	177.0639
5220.000000	97.642	173.6904
5300.000000	97.263	173.1935
5380.000000	96.976	173.5753
5450.000000	96.728	174.3925
5520.000000	96.532	175.3697
5600.000000	96.316	176.2468
5700.000000	96.045	177.7863
5800.000000	95.834	179.6260
5900.000000	95.644	-178.2823
6000.000000	95.515	-176.2212
6080.000000	95.421	-174.5750
6150.000000	95.374	-173.3082
6220.000000	95.317	-171.8471
6300.000000	95.329	-170.2255
6400.000000	95.320	-168.3205
6500.000000	95.374	-166.4198
6600.000000	95.391	-164.9167
6700.000000	95.478	-163.2752
6800.000000	95.572	-161.8499
6900.000000	95.701	-160.0125
7000.000000	95.873	-158.6832
7100.000000	96.074	-157.3099
7200.000000	96.320	-156.3378
7300.000000	96.600	-155.3075
7400.000000	96.933	-154.5681
7500.000000	97.353	-154.2578
7620.000000	97.905	-154.7756
7750.000000	98.514	-156.8405
7880.000000	99.113	-161.0353
8000.000000	99.453	-166.2560
8120.000000	99.495	-172.3787
8250.000000	99.210	-179.3084
8380.000000	98.498	174.5319
8500.000000	97.690	170.7910
8620.000000	96.774	168.4736
8750.000000	95.800	167.9892
8850.000000	95.069	168.8714
9000.000000	94.205	170.9982
9120.000000	93.687	173.7874
9250.000000	93.399	176.1144
9380.000000	93.072	178.1404
9500.000000	92.883	179.4628
9620.000000	92.661	-179.5476
9750.000000	92.362	-178.6064
9880.000000	91.998	-177.5169
10000.000000	91.672	-175.6554
10150.000000	91.231	-173.4635
10300.000000	90.866	-170.6070
10440.000000	90.569	-167.3233
10600.000000	90.495	-163.4182
10750.000000	90.367	-159.1644
10900.000000	90.323	-155.3901
11060.000000	90.547	-150.7064
11200.000000	90.726	-147.2229
11380.000000	91.146	-142.9031
11500.000000	91.524	-139.8577
11720.000000	92.592	-135.2939
11800.000000	93.057	-134.2237
12060.000000	95.020	-131.9790
12200.000000	96.421	-132.8748
12410.000000	99.036	-140.3042
12500.000000	100.254	-147.0847
12650.000000	101.759	-165.9830
12800.000000	101.489	169.8864
13150.000000	96.575	140.5234
13200.000000	95.902	139.1192
13400.000000	93.428	137.0426
13600.000000	91.486	138.6830
13800.000000	90.420	141.8124
14000.000000	89.168	143.4186
14300.000000	87.653	148.1879
14500.000000	87.088	151.0973
14750.000000	86.617	155.1760
15000.000000	86.216	158.8651
15250.000000	86.223	159.8336
15500.000000	86.072	161.9349
15750.000000	86.290	161.8032
16000.000000	86.728	159.9013
16250.000000	87.029	156.6823
16500.000000	87.385	150.0047
16750.000000	87.704	141.6056
17000.000000	87.685	130.8698
17250.000000	87.201	118.4618
17500.000000	86.464	106.1596
17750.000000	85.266	93.4805
18000.000000	83.663	84.7752
18250.000000	82.094	74.3828
18500.000000	79.978	66.8698
18750.000000	77.947	60.7997
19000.000000	75.696	55.6140
19250.000000	73.475	53.6702
19500.000000	72.038	52.3030
19750.000000	69.955	56.0049
