* Measurement data measured by REW V5.31.1
* Source: EXCL: Micrófono (Realtek(R) Audio), MICROPHONE (Volumen general), L, volume: 0,900. Timing signal peak level -15,5 dBFS, measurement signal peak level -12,9 dBFS
* Format: 512k Log Swept Sine, 1 sweep at -12,0 dBFS using an acoustic timing reference
* Dated: 7/09/2025 08:08:28 PM
* REW Settings:
*  C-weighting compensation: Off
*  Target level: 75.0 dB
* Note: ; Delay -0,0147 ms (-5,0 mm, -0,2 in) using estimated IR delay relative to Acoustic reference played from HEADPHONE R with no timing offset Clock adjustment: 19,2 ppm
* Measurement: R black
* Smoothing: None
* Frequency Step: 1/48 octave
* Start Frequency: 20.000 Hz
*
* Freq(Hz)	SPL(dB)	Phase(degrees)
20.000000	102.818	-153.4304
20.299999	102.863	-154.1911
20.600000	102.900	-155.0329
20.900000	102.920	-155.9152
21.200001	102.919	-156.7637
21.400000	102.911	-157.2699
21.799999	102.888	-158.1168
22.000000	102.881	-158.4651
22.400000	102.883	-159.0821
22.700001	102.899	-159.5546
23.000000	102.920	-160.0875
23.299999	102.938	-160.6717
23.600000	102.948	-161.2714
24.000000	102.951	-162.0321
24.299999	102.952	-162.5498
24.700001	102.958	-163.1949
25.000000	102.968	-163.6850
25.400000	102.982	-164.3814
25.799999	102.988	-165.1078
26.200001	102.985	-165.8082
26.500000	102.981	-166.2969
26.900000	102.978	-166.9124
27.200001	102.978	-167.3705
27.600000	102.977	-167.9945
28.000000	102.971	-168.6124
28.500000	102.960	-169.3188
29.000000	102.957	-169.9649
29.500000	102.964	-170.6525
30.000000	102.962	-171.4163
30.400000	102.946	-172.0031
30.700001	102.928	-172.3796
31.100000	102.911	-172.7923
31.500000	102.907	-173.1712
32.000000	102.914	-173.7334
32.500000	102.909	-174.4064
33.000000	102.880	-175.0179
33.500000	102.849	-175.4438
34.000000	102.846	-175.7934
34.500000	102.863	-176.2941
35.000000	102.870	-177.0103
35.500000	102.842	-177.7841
36.000000	102.788	-178.4224
36.500000	102.731	-178.8741
37.000000	102.691	-179.2214
37.500000	102.669	-179.5632
38.200001	102.654	179.8592
38.700001	102.645	179.3486
39.500000	102.608	178.4632
40.000000	102.574	177.9796
40.599998	102.538	177.4920
41.200001	102.514	177.0031
41.799999	102.489	176.4738
42.500000	102.452	175.8907
43.099998	102.424	175.4344
43.700001	102.397	174.9633
44.400002	102.358	174.4235
45.000000	102.326	174.0048
45.500000	102.302	173.6446
46.200001	102.259	173.1060
46.799999	102.211	172.7141
47.500000	102.166	172.3671
48.200001	102.136	171.9594
48.700001	102.108	171.6109
49.400002	102.058	171.1693
50.000000	102.021	170.8407
50.799999	101.975	170.3321
51.500000	101.923	169.8624
52.200001	101.868	169.4730
53.000000	101.816	169.0805
53.799999	101.776	168.6674
54.500000	101.746	168.2577
55.200001	101.713	167.7931
56.000000	101.657	167.2581
57.000000	101.563	166.8391
58.000000	101.509	166.7118
59.000000	101.480	166.2877
60.000000	101.409	165.8063
60.799999	101.354	165.4458
61.500000	101.295	165.0632
62.200001	101.226	164.7390
63.000000	101.153	164.4105
64.000000	101.065	164.1060
65.000000	101.015	163.8712
66.000000	100.956	163.4827
67.000000	100.854	163.4324
68.000000	100.815	164.0573
69.000000	100.876	163.9264
70.000000	100.718	163.8513
71.000000	100.815	165.3759
72.000000	101.015	163.5417
73.000000	100.690	162.2491
74.000000	100.576	163.0892
75.000000	100.524	162.6373
76.199997	100.420	162.7559
77.500000	100.372	162.0795
78.800003	100.263	161.9284
80.000000	100.286	161.1107
81.199997	100.226	160.9650
82.500000	100.403	158.1017
83.800003	99.679	158.3914
85.000000	100.065	160.7644
86.199997	100.020	159.5978
87.500000	100.074	159.8302
88.500000	99.931	159.5467
90.000000	99.877	159.9858
91.199997	99.831	160.0137
92.500000	99.805	159.0696
93.800003	99.659	158.8408
95.000000	99.598	158.6647
96.199997	99.528	159.2076
97.500000	99.686	158.9713
98.800003	99.530	157.6824
100.000000	99.429	158.1106
101.500000	99.337	157.8754
103.000000	99.262	158.0693
104.400002	99.195	158.3229
106.000000	99.142	158.6972
107.500000	99.170	158.6385
109.000000	99.112	158.4147
110.599998	99.019	157.9844
112.000000	98.948	158.0239
113.800003	98.850	157.8819
115.000000	98.795	157.8984
117.199997	98.680	157.4370
118.000000	98.672	157.4878
120.599998	98.640	157.1580
122.000000	98.576	157.0214
124.099998	98.541	157.4891
125.000000	98.539	157.5127
126.500000	98.417	157.2054
128.000000	98.344	157.3554
131.500000	98.194	157.1730
132.000000	98.194	157.1194
134.000000	98.046	156.9738
136.000000	98.046	156.9897
138.000000	97.946	156.9308
140.000000	97.884	156.8629
143.000000	97.810	156.7819
145.000000	97.716	157.0122
147.500000	97.621	157.0642
150.000000	97.526	157.2726
152.500000	97.432	157.3983
155.000000	97.343	157.6283
157.500000	97.257	157.8502
160.000000	97.230	157.9677
162.500000	97.078	158.3804
165.000000	97.024	158.8846
167.500000	97.049	159.5325
170.000000	96.914	159.7583
172.500000	97.027	160.4414
175.000000	96.988	159.8227
177.500000	96.942	159.3631
180.000000	96.941	159.4186
182.500000	96.859	159.1772
185.000000	96.799	159.1852
187.500000	96.730	159.3546
190.000000	96.652	159.2955
192.500000	96.594	159.2969
195.000000	96.584	159.6987
197.500000	96.472	159.8109
200.000000	96.395	159.6573
203.000000	96.340	159.8336
206.000000	96.295	160.1263
209.000000	96.195	160.2034
212.000000	96.149	160.4580
214.000000	96.107	160.5391
218.000000	96.019	160.8871
220.000000	95.948	161.0234
224.000000	95.885	161.2688
227.000000	95.835	161.5015
230.000000	95.762	161.8322
233.000000	95.729	161.9559
236.000000	95.670	162.2180
240.000000	95.592	162.5306
243.000000	95.540	162.8060
247.000000	95.472	163.1772
250.000000	95.424	163.3076
254.000000	95.360	163.8115
258.000000	95.309	163.9358
262.000000	95.232	164.5099
265.000000	95.207	164.7371
269.000000	95.156	164.9144
272.000000	95.136	165.2135
276.000000	95.069	165.4380
280.000000	95.002	165.9139
285.000000	94.919	166.3921
290.000000	94.875	166.8701
295.000000	94.844	167.0496
300.000000	94.787	167.6071
304.000000	94.732	167.8696
307.000000	94.692	168.3141
311.000000	94.652	168.6007
315.000000	94.605	168.9064
320.000000	94.544	169.2917
325.000000	94.507	169.7689
330.000000	94.471	170.1788
335.000000	94.425	170.6809
340.000000	94.383	171.0064
345.000000	94.327	171.4804
350.000000	94.274	172.1254
355.000000	94.274	172.5093
360.000000	94.210	172.8629
365.000000	94.200	173.0832
370.000000	94.171	173.6596
375.000000	94.097	174.1038
382.000000	94.075	174.6056
387.000000	94.021	175.1448
395.000000	93.990	175.8640
400.000000	93.959	176.2742
406.000000	93.927	176.8381
412.000000	93.897	177.2008
418.000000	93.875	177.7645
425.000000	93.863	178.3301
431.000000	93.829	178.6771
437.000000	93.794	179.4692
444.000000	93.786	179.9471
450.000000	93.739	-179.6130
455.000000	93.758	-179.2316
462.000000	93.712	-178.7720
468.000000	93.681	-178.1265
475.000000	93.650	-177.5851
482.000000	93.638	-177.0685
487.000000	93.638	-176.5687
494.000000	93.582	-176.1139
500.000000	93.592	-175.5901
508.000000	93.566	-174.9922
515.000000	93.537	-174.3484
522.000000	93.539	-173.8384
530.000000	93.530	-173.1797
538.000000	93.514	-172.5827
545.000000	93.532	-172.0305
552.000000	93.504	-171.4792
560.000000	93.471	-170.7536
570.000000	93.483	-169.8165
580.000000	93.463	-169.1555
590.000000	93.464	-168.3668
600.000000	93.470	-167.6632
608.000000	93.476	-167.1544
615.000000	93.465	-166.3706
622.000000	93.463	-165.8523
630.000000	93.487	-165.2995
640.000000	93.475	-164.5311
650.000000	93.465	-163.8924
660.000000	93.479	-163.1885
670.000000	93.495	-162.3490
680.000000	93.507	-161.5275
690.000000	93.510	-160.8130
700.000000	93.533	-160.1608
710.000000	93.593	-159.3749
720.000000	93.568	-158.4596
730.000000	93.619	-157.6419
740.000000	93.623	-157.0243
750.000000	93.638	-156.2522
762.000000	93.732	-155.2640
775.000000	93.725	-154.3312
788.000000	93.789	-153.3870
800.000000	93.833	-152.6720
812.000000	93.864	-151.6352
825.000000	93.933	-150.8013
838.000000	94.001	-149.8550
850.000000	94.052	-149.0167
862.000000	94.136	-148.3378
875.000000	94.184	-147.2864
885.000000	94.232	-146.7965
900.000000	94.332	-145.7268
912.000000	94.391	-144.9870
925.000000	94.466	-144.3431
938.000000	94.592	-143.5922
950.000000	94.642	-142.8785
962.000000	94.734	-142.0220
975.000000	94.826	-141.3978
988.000000	94.910	-140.7158
1000.000000	94.991	-140.2805
1015.000000	95.128	-139.2732
1030.000000	95.222	-138.7670
1044.000000	95.329	-138.0752
1060.000000	95.440	-137.2962
1075.000000	95.553	-136.6200
1090.000000	95.677	-136.2449
1106.000000	95.803	-135.4146
1120.000000	95.904	-134.9197
1138.000000	96.044	-134.4888
1150.000000	96.152	-134.0593
1172.000000	96.304	-133.4827
1180.000000	96.369	-133.1826
1206.000000	96.544	-132.3652
1220.000000	96.671	-131.9935
1241.000000	96.801	-131.5306
1250.000000	96.866	-131.2347
1265.000000	96.957	-130.9307
1280.000000	97.074	-130.5768
1315.000000	97.297	-129.7835
1320.000000	97.347	-129.9881
1340.000000	97.489	-129.3287
1360.000000	97.609	-128.8607
1380.000000	97.749	-128.4668
1400.000000	97.874	-127.9919
1430.000000	98.056	-127.4351
1450.000000	98.222	-127.0188
1475.000000	98.371	-126.6308
1500.000000	98.561	-126.1385
1525.000000	98.727	-125.7006
1550.000000	98.904	-125.4231
1575.000000	99.082	-125.0730
1600.000000	99.240	-124.6804
1625.000000	99.425	-124.3297
1650.000000	99.588	-124.0048
1675.000000	99.769	-123.7118
1700.000000	99.958	-123.3919
1725.000000	100.127	-123.2483
1750.000000	100.337	-122.9372
1775.000000	100.503	-122.7855
1800.000000	100.694	-122.6450
1825.000000	100.867	-122.4915
1850.000000	101.078	-122.4728
1875.000000	101.272	-122.4003
1900.000000	101.456	-122.2521
1925.000000	101.661	-122.3535
1950.000000	101.860	-122.3973
1975.000000	102.059	-122.5339
2000.000000	102.253	-122.7678
2030.000000	102.512	-123.0442
2060.000000	102.747	-123.3723
2090.000000	102.993	-123.7485
2120.000000	103.234	-124.2639
2140.000000	103.388	-124.6484
2180.000000	103.702	-125.4975
2200.000000	103.868	-125.9170
2240.000000	104.177	-127.0704
2270.000000	104.388	-128.0467
2300.000000	104.597	-129.0241
2330.000000	104.800	-130.1973
2360.000000	104.993	-131.3671
2400.000000	105.228	-133.0457
2430.000000	105.375	-134.4549
2470.000000	105.564	-136.4504
2500.000000	105.675	-137.8984
2540.000000	105.814	-139.9792
2580.000000	105.904	-142.0045
2620.000000	105.964	-144.0630
2650.000000	105.984	-145.5772
2690.000000	105.980	-147.6013
2720.000000	105.969	-148.9735
2760.000000	105.902	-150.7216
2800.000000	105.821	-152.3372
2850.000000	105.700	-153.9108
2900.000000	105.597	-155.1920
2950.000000	105.526	-156.3310
3000.000000	105.462	-157.5247
3040.000000	105.396	-158.6812
3070.000000	105.324	-159.4557
3110.000000	105.224	-160.4646
3150.000000	105.094	-161.3273
3200.000000	104.933	-162.2833
3250.000000	104.778	-162.8691
3300.000000	104.608	-163.3341
3350.000000	104.435	-163.6091
3400.000000	104.304	-163.7900
3450.000000	104.168	-163.7738
3500.000000	104.047	-163.6344
3550.000000	103.959	-163.5466
3600.000000	103.880	-163.3122
3650.000000	103.809	-163.1392
3700.000000	103.761	-162.8795
3750.000000	103.696	-162.5946
3820.000000	103.657	-162.1809
3870.000000	103.636	-161.8618
3950.000000	103.646	-161.3981
4000.000000	103.661	-161.1756
4060.000000	103.698	-160.9170
4120.000000	103.749	-160.8083
4180.000000	103.813	-160.7615
4250.000000	103.885	-160.9249
4310.000000	103.945	-161.0728
4370.000000	104.013	-161.1536
4440.000000	104.107	-161.6572
4500.000000	104.184	-162.0432
4550.000000	104.257	-162.4926
4620.000000	104.342	-163.4238
4680.000000	104.407	-164.2197
4750.000000	104.478	-165.4451
4820.000000	104.524	-166.6443
4870.000000	104.543	-167.7293
4940.000000	104.528	-169.2721
5000.000000	104.497	-170.7105
5080.000000	104.408	-172.6430
5150.000000	104.283	-174.3451
5220.000000	104.118	-175.9825
5300.000000	103.875	-177.6011
5380.000000	103.605	-178.9956
5450.000000	103.341	-179.9745
5520.000000	103.041	179.4038
5600.000000	102.714	178.8915
5700.000000	102.333	178.8007
5800.000000	101.953	178.9522
5900.000000	101.605	179.6324
6000.000000	101.295	-179.5464
6080.000000	101.066	-178.7615
6150.000000	100.889	-177.8967
6220.000000	100.727	-177.1379
6300.000000	100.532	-176.0770
6400.000000	100.373	-174.5252
6500.000000	100.257	-172.9995
6600.000000	100.178	-171.2531
6700.000000	100.113	-169.5653
6800.000000	100.152	-167.9460
6900.000000	100.230	-166.3416
7000.000000	100.342	-164.8763
7100.000000	100.538	-163.5454
7200.000000	100.815	-162.5496
7300.000000	101.122	-161.9739
7400.000000	101.515	-161.9649
7500.000000	101.934	-162.8943
7620.000000	102.439	-165.0742
7750.000000	102.949	-169.0319
7880.000000	103.277	-174.7570
8000.000000	103.317	178.6617
8120.000000	103.044	171.8042
8250.000000	102.394	165.0642
8380.000000	101.496	159.7770
8500.000000	100.505	156.4414
8620.000000	99.510	154.2911
8750.000000	98.455	153.4893
8850.000000	97.641	153.6484
9000.000000	96.471	155.0648
9120.000000	95.775	157.3457
9250.000000	95.019	159.1106
9380.000000	94.311	161.3459
9500.000000	93.682	164.0097
9620.000000	93.103	166.7148
9750.000000	92.524	170.2261
9880.000000	92.106	173.8361
10000.000000	91.667	176.9393
10150.000000	91.209	-178.4141
10300.000000	90.969	-173.8205
10440.000000	90.687	-169.3862
10600.000000	90.518	-164.7339
10750.000000	90.420	-160.1720
10900.000000	90.352	-155.4967
11060.000000	90.384	-150.6056
11200.000000	90.585	-146.7518
11380.000000	90.820	-141.5370
11500.000000	91.018	-138.2452
11720.000000	91.714	-132.8670
11800.000000	91.979	-131.5189
12060.000000	93.037	-126.4738
12200.000000	93.806	-125.0332
12410.000000	95.030	-124.2094
12500.000000	95.683	-124.7181
12650.000000	96.744	-127.0629
12800.000000	97.828	-131.4363
13150.000000	99.491	-151.3276
13200.000000	99.520	-154.8566
13400.000000	99.112	-168.2495
13600.000000	98.065	-178.4390
13800.000000	96.798	175.5905
14000.000000	95.568	172.4203
14300.000000	94.106	170.9695
14500.000000	93.292	171.7067
14750.000000	92.587	173.0849
15000.000000	92.154	175.4074
15250.000000	92.006	177.1642
15500.000000	92.205	178.9806
15750.000000	92.729	179.1164
16000.000000	93.739	177.1558
16250.000000	95.028	169.4330
16500.000000	96.014	155.2200
16750.000000	95.987	136.7343
17000.000000	94.835	120.6325
17250.000000	93.369	107.8876
17500.000000	91.746	99.0199
17750.000000	90.573	91.8252
18000.000000	89.369	84.8485
18250.000000	88.274	76.4710
18500.000000	87.221	65.8251
18750.000000	85.877	54.7476
19000.000000	83.724	45.0856
19250.000000	80.850	38.9258
19500.000000	78.926	42.4751
19750.000000	78.630	45.2016
