* Measurement data measured by REW V5.31.1
* Source: EXCL: Micrófono (Realtek(R) Audio), MICROPHONE (Volumen general), L, volume: 0,900. Timing signal peak level -14,4 dBFS, measurement signal peak level -12,9 dBFS
* Format: 512k Log Swept Sine, 1 sweep at -12,0 dBFS using an acoustic timing reference
* Dated: 7/09/2025 08:36:23 PM
* REW Settings:
*  C-weighting compensation: Off
*  Target level: 75.0 dB
* Note: ; Delay -0,0186 ms (-6,4 mm, -0,25 in) using estimated IR delay relative to Acoustic reference played from HEADPHONE L with no timing offset Clock adjustment: 19,4 ppm
* Measurement: L black
* Smoothing: None
* Frequency Step: 1/48 octave
* Start Frequency: 20.000 Hz
*
* Freq(Hz)	SPL(dB)	Phase(degrees)
20.000000	103.424	-158.4112
20.299999	103.445	-159.0448
20.600000	103.468	-159.6987
20.900000	103.488	-160.3770
21.200001	103.504	-161.0691
21.400000	103.511	-161.5247
21.799999	103.516	-162.3963
22.000000	103.516	-162.8017
22.400000	103.516	-163.5434
22.700001	103.520	-164.0536
23.000000	103.528	-164.5506
23.299999	103.540	-165.0598
23.600000	103.551	-165.5944
24.000000	103.561	-166.3456
24.299999	103.560	-166.9158
24.700001	103.547	-167.6418
25.000000	103.532	-168.1360
25.400000	103.511	-168.7219
25.799999	103.495	-169.2551
26.200001	103.486	-169.7840
26.500000	103.480	-170.1963
26.900000	103.473	-170.7672
27.200001	103.465	-171.2012
27.600000	103.455	-171.7773
28.000000	103.447	-172.3564
28.500000	103.438	-173.1130
29.000000	103.428	-173.9151
29.500000	103.412	-174.7343
30.000000	103.393	-175.5506
30.400000	103.373	-176.2069
30.700001	103.353	-176.6956
31.100000	103.317	-177.2978
31.500000	103.274	-177.7769
32.000000	103.230	-178.1464
32.500000	103.224	-178.3794
33.000000	103.254	-178.7419
33.500000	103.283	-179.3566
34.000000	103.275	179.9283
34.500000	103.237	179.3545
35.000000	103.197	178.9679
35.500000	103.169	178.6122
36.000000	103.135	178.1915
36.500000	103.082	177.8203
37.000000	103.029	177.6393
37.500000	103.012	177.5423
38.200001	103.040	176.9950
38.700001	103.035	176.2141
39.500000	102.936	175.0716
40.000000	102.874	174.6886
40.599998	102.848	174.2809
41.200001	102.838	173.6418
41.799999	102.800	172.9812
42.500000	102.755	172.4976
43.099998	102.748	172.1237
43.700001	102.734	171.6205
44.400002	102.686	171.1260
45.000000	102.649	170.8593
45.500000	102.626	170.5487
46.200001	102.555	169.9502
46.799999	102.448	169.6763
47.500000	102.372	169.7728
48.200001	102.386	169.5431
48.700001	102.388	168.9500
49.400002	102.320	168.0915
50.000000	102.264	167.7483
50.799999	102.281	167.1962
51.500000	102.270	166.2170
52.200001	102.171	165.4982
53.000000	102.046	165.3945
53.799999	101.961	165.8824
54.500000	102.003	166.3490
55.200001	102.058	165.5238
56.000000	101.795	164.3002
57.000000	101.634	165.6588
58.000000	101.660	161.9460
59.000000	100.491	161.5973
60.000000	100.901	168.4872
60.799999	101.560	164.9954
61.500000	101.362	161.8494
62.200001	101.185	162.2547
63.000000	101.349	162.1876
64.000000	101.259	161.1697
65.000000	101.181	162.1489
66.000000	101.201	162.4423
67.000000	101.068	162.0095
68.000000	100.857	162.5508
69.000000	100.822	161.8605
70.000000	100.389	161.1714
71.000000	100.350	163.8404
72.000000	100.706	163.1350
73.000000	100.753	161.0490
74.000000	100.519	159.7256
75.000000	100.329	161.2831
76.199997	100.501	161.5793
77.500000	100.480	161.9324
78.800003	100.544	160.7455
80.000000	100.488	161.3609
81.199997	100.523	160.3446
82.500000	100.525	162.8871
83.800003	100.996	160.0454
85.000000	100.454	158.6052
86.199997	100.396	159.8854
87.500000	100.308	158.9945
88.500000	100.232	158.6287
90.000000	100.165	157.6421
91.199997	99.985	157.3209
92.500000	100.016	158.1882
93.800003	99.977	157.3048
95.000000	99.844	157.8143
96.199997	99.844	157.5482
97.500000	99.738	157.2160
98.800003	99.682	156.6418
100.000000	99.599	156.7292
101.500000	99.621	156.3546
103.000000	99.549	156.4183
104.400002	99.511	156.2910
106.000000	99.417	156.0980
107.500000	99.321	156.2238
109.000000	99.228	155.8860
110.599998	99.163	156.2552
112.000000	99.105	156.0846
113.800003	99.042	155.7744
115.000000	98.959	155.8552
117.199997	98.890	155.9060
118.000000	98.844	155.7773
120.599998	98.746	155.9157
122.000000	98.680	156.0087
124.099998	98.691	156.0637
125.000000	98.662	155.7107
126.500000	98.583	155.8855
128.000000	98.519	155.6716
131.500000	98.350	156.1639
132.000000	98.342	156.2081
134.000000	98.255	155.8660
136.000000	98.187	155.8633
138.000000	98.114	156.2842
140.000000	97.891	156.5590
143.000000	97.915	156.4235
145.000000	97.833	155.8983
147.500000	97.761	156.2906
150.000000	97.699	156.9140
152.500000	97.611	157.0895
155.000000	97.584	157.3004
157.500000	97.552	157.5800
160.000000	97.532	157.8737
162.500000	97.520	157.7719
165.000000	97.505	157.6035
167.500000	97.428	157.3412
170.000000	97.222	158.0669
172.500000	97.297	156.9970
175.000000	97.326	156.3942
177.500000	97.130	157.5886
180.000000	97.023	157.4817
182.500000	96.976	157.7460
185.000000	96.898	157.4732
187.500000	96.828	157.7431
190.000000	96.772	157.8249
192.500000	96.699	157.9993
195.000000	96.637	158.1736
197.500000	96.589	158.2579
200.000000	96.520	158.3940
203.000000	96.431	158.6277
206.000000	96.374	158.9569
209.000000	96.310	159.0448
212.000000	96.253	159.4103
214.000000	96.210	159.3751
218.000000	96.116	159.6218
220.000000	96.088	159.9214
224.000000	95.996	160.2245
227.000000	95.937	160.4465
230.000000	95.847	160.7564
233.000000	95.837	161.0759
236.000000	95.769	161.2216
240.000000	95.713	161.4140
243.000000	95.669	161.9965
247.000000	95.586	162.2404
250.000000	95.545	162.4328
254.000000	95.469	162.8719
258.000000	95.409	163.0714
262.000000	95.366	163.3957
265.000000	95.303	163.7378
269.000000	95.261	164.1428
272.000000	95.221	164.3255
276.000000	95.165	164.7381
280.000000	95.134	165.0031
285.000000	95.042	165.2716
290.000000	94.995	165.9990
295.000000	94.926	166.2721
300.000000	94.876	166.8852
304.000000	94.842	167.2057
307.000000	94.800	167.4021
311.000000	94.766	167.8060
315.000000	94.725	168.2085
320.000000	94.657	168.6581
325.000000	94.651	169.0041
330.000000	94.561	169.6595
335.000000	94.542	169.9456
340.000000	94.489	170.4169
345.000000	94.441	170.7336
350.000000	94.399	171.2910
355.000000	94.388	171.6881
360.000000	94.328	172.0874
365.000000	94.304	172.5265
370.000000	94.260	172.9641
375.000000	94.218	173.3763
382.000000	94.165	173.9415
387.000000	94.149	174.5172
395.000000	94.113	175.1256
400.000000	94.100	175.7098
406.000000	94.038	176.0357
412.000000	93.987	176.4769
418.000000	93.971	177.1054
425.000000	93.957	177.5387
431.000000	93.933	178.2465
437.000000	93.891	178.6988
444.000000	93.853	179.1516
450.000000	93.849	179.7348
455.000000	93.844	-179.8064
462.000000	93.777	-179.1846
468.000000	93.802	-178.8245
475.000000	93.760	-178.1223
482.000000	93.742	-177.6151
487.000000	93.744	-177.0914
494.000000	93.700	-176.5155
500.000000	93.672	-176.1143
508.000000	93.693	-175.3826
515.000000	93.658	-174.8958
522.000000	93.627	-174.3178
530.000000	93.598	-173.6675
538.000000	93.614	-172.9573
545.000000	93.610	-172.4288
552.000000	93.609	-172.0563
560.000000	93.590	-171.0972
570.000000	93.589	-170.5229
580.000000	93.591	-169.7280
590.000000	93.572	-168.9472
600.000000	93.567	-167.9991
608.000000	93.580	-167.4328
615.000000	93.564	-167.0557
622.000000	93.567	-166.3434
630.000000	93.540	-165.8220
640.000000	93.571	-165.0841
650.000000	93.603	-164.3670
660.000000	93.582	-163.5679
670.000000	93.620	-162.9434
680.000000	93.594	-162.0367
690.000000	93.631	-161.2806
700.000000	93.635	-160.5206
710.000000	93.677	-159.6918
720.000000	93.685	-158.8536
730.000000	93.693	-158.3193
740.000000	93.774	-157.3459
750.000000	93.751	-156.6940
762.000000	93.830	-155.8223
775.000000	93.855	-154.9252
788.000000	93.905	-153.9102
800.000000	93.926	-153.2275
812.000000	93.992	-152.2878
825.000000	94.059	-151.1815
838.000000	94.119	-150.4655
850.000000	94.163	-149.6147
862.000000	94.235	-148.7458
875.000000	94.310	-147.8887
885.000000	94.357	-147.3007
900.000000	94.430	-146.3613
912.000000	94.477	-145.6127
925.000000	94.574	-144.7259
938.000000	94.666	-144.0141
950.000000	94.743	-143.2310
962.000000	94.823	-142.6250
975.000000	94.940	-141.9629
988.000000	95.035	-141.3465
1000.000000	95.096	-140.7694
1015.000000	95.215	-139.8654
1030.000000	95.304	-139.1796
1044.000000	95.436	-138.6120
1060.000000	95.547	-137.8354
1075.000000	95.658	-137.2708
1090.000000	95.781	-136.5152
1106.000000	95.882	-136.1228
1120.000000	95.999	-135.6889
1138.000000	96.148	-135.0372
1150.000000	96.235	-134.5561
1172.000000	96.419	-133.9122
1180.000000	96.465	-133.5614
1206.000000	96.656	-132.9321
1220.000000	96.742	-132.4607
1241.000000	96.891	-132.0167
1250.000000	96.949	-131.8562
1265.000000	97.075	-131.3692
1280.000000	97.193	-131.1812
1315.000000	97.406	-130.4657
1320.000000	97.462	-130.4530
1340.000000	97.589	-129.8333
1360.000000	97.735	-129.4113
1380.000000	97.867	-129.0638
1400.000000	97.994	-128.5417
1430.000000	98.182	-128.0611
1450.000000	98.294	-127.6700
1475.000000	98.487	-127.0645
1500.000000	98.682	-126.7254
1525.000000	98.832	-126.3304
1550.000000	98.999	-125.9473
1575.000000	99.197	-125.5684
1600.000000	99.390	-125.2390
1625.000000	99.560	-124.9809
1650.000000	99.773	-124.6045
1675.000000	99.938	-124.3930
1700.000000	100.112	-124.2344
1725.000000	100.299	-124.0492
1750.000000	100.510	-123.8376
1775.000000	100.686	-123.6751
1800.000000	100.872	-123.6610
1825.000000	101.061	-123.6100
1850.000000	101.270	-123.6325
1875.000000	101.454	-123.6467
1900.000000	101.649	-123.7105
1925.000000	101.866	-123.7752
1950.000000	102.055	-123.9072
1975.000000	102.251	-124.1374
2000.000000	102.446	-124.3399
2030.000000	102.689	-124.7651
2060.000000	102.928	-125.1869
2090.000000	103.167	-125.7529
2120.000000	103.421	-126.3880
2140.000000	103.565	-126.7823
2180.000000	103.867	-127.8400
2200.000000	104.013	-128.4839
2240.000000	104.298	-129.8190
2270.000000	104.501	-130.8694
2300.000000	104.699	-132.0190
2330.000000	104.883	-133.2288
2360.000000	105.056	-134.5418
2400.000000	105.255	-136.4688
2430.000000	105.391	-137.9442
2470.000000	105.547	-140.0559
2500.000000	105.631	-141.6173
2540.000000	105.716	-143.7279
2580.000000	105.762	-145.9069
2620.000000	105.779	-148.0360
2650.000000	105.768	-149.5787
2690.000000	105.730	-151.5192
2720.000000	105.674	-152.9547
2760.000000	105.581	-154.5881
2800.000000	105.468	-156.2300
2850.000000	105.284	-157.8889
2900.000000	105.110	-159.2982
2950.000000	104.919	-160.2366
3000.000000	104.779	-161.1012
3040.000000	104.674	-161.7778
3070.000000	104.578	-162.3591
3110.000000	104.465	-163.0233
3150.000000	104.324	-163.6025
3200.000000	104.128	-164.1757
3250.000000	103.946	-164.4174
3300.000000	103.770	-164.6645
3350.000000	103.607	-164.6856
3400.000000	103.440	-164.5152
3450.000000	103.293	-164.3039
3500.000000	103.173	-163.9432
3550.000000	103.047	-163.4485
3600.000000	102.954	-162.9548
3650.000000	102.891	-162.4314
3700.000000	102.821	-161.9662
3750.000000	102.780	-161.3495
3820.000000	102.730	-160.6845
3870.000000	102.711	-160.0815
3950.000000	102.692	-159.3853
4000.000000	102.700	-158.8944
4060.000000	102.713	-158.3332
4120.000000	102.753	-157.8680
4180.000000	102.770	-157.4233
4250.000000	102.862	-156.9182
4310.000000	102.926	-156.5413
4370.000000	102.978	-156.1414
4440.000000	103.073	-155.9389
4500.000000	103.166	-155.9265
4550.000000	103.256	-155.9454
4620.000000	103.349	-155.9952
4680.000000	103.461	-156.1035
4750.000000	103.589	-156.4149
4820.000000	103.709	-156.8658
4870.000000	103.811	-157.2889
4940.000000	103.932	-158.2185
5000.000000	104.005	-159.0646
5080.000000	104.090	-160.4750
5150.000000	104.124	-161.7440
5220.000000	104.123	-163.1409
5300.000000	104.089	-164.6418
5380.000000	104.027	-166.1918
5450.000000	103.927	-167.4134
5520.000000	103.829	-168.5063
5600.000000	103.657	-169.7634
5700.000000	103.437	-170.9920
5800.000000	103.212	-171.8309
5900.000000	102.945	-172.4577
6000.000000	102.698	-172.8668
6080.000000	102.490	-172.9053
6150.000000	102.318	-172.7913
6220.000000	102.160	-172.5139
6300.000000	102.009	-172.1960
6400.000000	101.833	-171.3975
6500.000000	101.696	-170.6080
6600.000000	101.608	-169.6469
6700.000000	101.539	-168.5572
6800.000000	101.523	-167.4074
6900.000000	101.591	-166.3085
7000.000000	101.709	-165.3456
7100.000000	101.911	-164.4458
7200.000000	102.194	-163.9687
7300.000000	102.523	-164.0778
7400.000000	102.927	-164.8188
7500.000000	103.335	-166.3743
7620.000000	103.844	-169.7214
7750.000000	104.305	-175.3933
7880.000000	104.517	177.1145
8000.000000	104.361	169.1770
8120.000000	103.804	161.5471
8250.000000	102.837	154.4084
8380.000000	101.657	149.5028
8500.000000	100.481	146.5181
8620.000000	99.330	145.2237
8750.000000	98.157	145.2559
8850.000000	97.267	145.7646
9000.000000	96.088	148.2454
9120.000000	95.232	150.1024
9250.000000	94.388	152.8789
9380.000000	93.679	156.1168
9500.000000	93.052	159.4570
9620.000000	92.485	162.6938
9750.000000	91.923	165.7258
9880.000000	91.551	169.9162
10000.000000	91.142	173.6882
10150.000000	90.745	177.6367
10300.000000	90.399	-177.4407
10440.000000	90.197	-173.8319
10600.000000	90.050	-168.8558
10750.000000	89.907	-164.3145
10900.000000	89.864	-160.7484
11060.000000	89.843	-156.5817
11200.000000	89.817	-152.7272
11380.000000	90.019	-148.2407
11500.000000	90.089	-145.0004
11720.000000	90.493	-140.0618
11800.000000	90.710	-138.9198
12060.000000	91.396	-133.3508
12200.000000	91.924	-131.4911
12410.000000	92.839	-129.0800
12500.000000	93.328	-128.1559
12650.000000	94.205	-128.2290
12800.000000	95.169	-129.3422
13150.000000	97.503	-140.3128
13200.000000	97.787	-142.6598
13400.000000	98.476	-156.0095
13600.000000	98.161	-170.3775
13800.000000	97.051	178.7432
14000.000000	95.738	172.0408
14300.000000	93.861	167.7143
14500.000000	92.906	167.0953
14750.000000	91.920	167.9281
15000.000000	91.327	169.1904
15250.000000	91.028	170.4650
15500.000000	91.041	170.4373
15750.000000	91.425	169.5630
16000.000000	92.231	165.7454
16250.000000	92.991	155.7491
16500.000000	93.160	140.6571
16750.000000	92.237	124.5507
17000.000000	90.727	112.7407
17250.000000	89.108	104.6083
17500.000000	87.580	97.2255
17750.000000	86.139	91.4579
18000.000000	84.781	86.1159
18250.000000	83.603	81.8084
18500.000000	82.072	73.5016
18750.000000	80.911	68.6658
19000.000000	78.985	61.7488
19250.000000	76.491	62.1151
19500.000000	75.332	63.5025
19750.000000	74.896	62.4614
