* Measurement data measured by REW V5.31.1
* Source: EXCL: Micrófono (Realtek(R) Audio), MICROPHONE (Volumen general), L, volume: 0,900. Timing signal peak level -17,5 dBFS, measurement signal peak level -14,8 dBFS
* Format: 512k Log Swept Sine, 1 sweep at -12,0 dBFS using an acoustic timing reference
* Dated: 7/09/2025 08:16:11 PM
* REW Settings:
*  C-weighting compensation: Off
*  Target level: 75.0 dB
* Note: ; Delay -0,0113 ms (-3,9 mm, -0,15 in) using estimated IR delay relative to Acoustic reference played from HEADPHONE R with no timing offset Clock adjustment: 20,6 ppm
* Measurement: R red
* Smoothing: None
* Frequency Step: 1/48 octave
* Start Frequency: 20.000 Hz
*
* Freq(Hz)	SPL(dB)	Phase(degrees)
20.000000	102.957	-153.5962
20.299999	102.978	-154.6797
20.600000	102.964	-155.7243
20.900000	102.921	-156.6171
21.200001	102.864	-157.2715
21.400000	102.831	-157.5732
21.799999	102.795	-157.9567
22.000000	102.796	-158.1130
22.400000	102.836	-158.5336
22.700001	102.880	-159.0282
23.000000	102.916	-159.6749
23.299999	102.935	-160.3933
23.600000	102.937	-161.1009
24.000000	102.924	-161.9322
24.299999	102.916	-162.4629
24.700001	102.919	-163.1189
25.000000	102.930	-163.6378
25.400000	102.943	-164.4015
25.799999	102.945	-165.1926
26.200001	102.935	-165.9133
26.500000	102.927	-166.3795
26.900000	102.927	-166.9330
27.200001	102.935	-167.3472
27.600000	102.951	-167.9487
28.000000	102.960	-168.5948
28.500000	102.957	-169.3591
29.000000	102.951	-170.0033
29.500000	102.957	-170.6085
30.000000	102.964	-171.2839
30.400000	102.959	-171.8509
30.700001	102.949	-172.2497
31.100000	102.935	-172.7281
31.500000	102.927	-173.1992
32.000000	102.920	-173.9030
32.500000	102.884	-174.7198
33.000000	102.810	-175.3918
33.500000	102.735	-175.7243
34.000000	102.708	-175.8880
34.500000	102.726	-176.2639
35.000000	102.736	-176.9609
35.500000	102.705	-177.7234
36.000000	102.653	-178.2913
36.500000	102.614	-178.6783
37.000000	102.594	-179.0286
37.500000	102.586	-179.3687
38.200001	102.607	-179.8411
38.700001	102.645	179.6074
39.500000	102.642	178.2590
40.000000	102.577	177.6069
40.599998	102.514	177.2653
41.200001	102.509	176.8529
41.799999	102.482	176.0765
42.500000	102.366	175.4639
43.099998	102.311	175.5259
43.700001	102.352	175.3334
44.400002	102.375	174.3031
45.000000	102.296	173.4570
45.500000	102.226	173.1904
46.200001	102.217	172.9988
46.799999	102.250	172.3698
47.500000	102.216	171.2505
48.200001	102.094	170.5079
48.700001	102.011	170.4346
49.400002	101.979	170.5995
50.000000	102.009	170.4119
50.799999	101.993	169.6542
51.500000	101.908	169.3001
52.200001	101.870	169.3436
53.000000	101.896	168.9689
53.799999	101.856	168.0807
54.500000	101.760	167.5699
55.200001	101.690	167.3871
56.000000	101.660	167.0796
57.000000	101.612	166.4584
58.000000	101.564	166.0060
59.000000	101.532	165.4119
60.000000	101.440	164.8462
60.799999	101.350	164.7920
61.500000	101.313	164.9179
62.200001	101.315	164.7663
63.000000	101.268	164.0770
64.000000	101.085	163.6428
65.000000	100.994	163.8099
66.000000	100.950	163.4592
67.000000	100.914	163.0386
68.000000	100.850	162.0712
69.000000	100.653	161.7140
70.000000	100.543	162.2685
71.000000	100.512	162.7229
72.000000	100.557	162.9441
73.000000	100.581	162.1268
74.000000	100.436	161.5434
75.000000	100.389	161.8875
76.199997	100.407	161.0978
77.500000	100.206	161.6948
78.800003	100.427	162.1715
80.000000	100.274	161.9173
81.199997	100.432	161.4208
82.500000	99.644	160.9181
83.800003	100.177	164.9768
85.000000	100.129	160.3279
86.199997	99.932	160.9447
87.500000	100.012	159.7542
88.500000	100.004	158.8589
90.000000	99.857	158.9434
91.199997	99.865	158.4574
92.500000	99.762	158.7401
93.800003	99.646	157.7326
95.000000	99.536	158.2639
96.199997	99.521	157.9366
97.500000	99.544	157.8080
98.800003	99.410	157.9583
100.000000	99.530	158.5250
101.500000	99.365	158.0135
103.000000	99.366	157.8832
104.400002	99.160	157.3820
106.000000	99.141	157.9294
107.500000	99.183	156.3624
109.000000	99.046	157.1574
110.599998	98.991	155.9919
112.000000	98.922	156.7958
113.800003	98.817	156.1251
115.000000	98.792	155.9070
117.199997	98.706	156.5744
118.000000	98.738	156.1546
120.599998	98.551	156.4245
122.000000	98.518	156.2269
124.099998	98.387	156.2644
125.000000	98.407	156.0469
126.500000	98.335	155.9406
128.000000	98.295	155.8023
131.500000	98.155	156.0416
132.000000	98.142	156.0772
134.000000	98.111	156.0665
136.000000	98.027	155.4431
138.000000	97.922	156.0800
140.000000	97.904	155.8827
143.000000	97.786	156.1195
145.000000	97.663	155.8089
147.500000	97.602	156.0355
150.000000	97.473	156.0942
152.500000	97.374	156.0560
155.000000	97.323	156.0354
157.500000	97.242	156.2769
160.000000	97.244	156.4848
162.500000	97.081	157.2103
165.000000	96.945	157.4221
167.500000	96.920	157.7167
170.000000	96.845	158.0668
172.500000	96.900	158.6106
175.000000	96.875	158.5843
177.500000	96.887	158.5837
180.000000	96.847	158.5783
182.500000	96.828	158.3210
185.000000	96.791	158.0141
187.500000	96.749	158.5083
190.000000	96.711	157.9726
192.500000	96.554	158.3281
195.000000	96.504	158.2701
197.500000	96.434	158.5447
200.000000	96.389	158.3659
203.000000	96.315	158.2463
206.000000	96.239	158.3285
209.000000	96.185	158.6723
212.000000	96.139	158.8701
214.000000	96.073	158.8453
218.000000	95.983	159.2202
220.000000	95.949	159.2932
224.000000	95.855	159.5105
227.000000	95.800	159.7815
230.000000	95.741	160.1743
233.000000	95.698	160.2052
236.000000	95.618	160.3796
240.000000	95.538	160.5485
243.000000	95.506	160.9179
247.000000	95.435	161.1257
250.000000	95.375	161.4246
254.000000	95.312	161.7173
258.000000	95.259	161.8554
262.000000	95.188	162.2716
265.000000	95.165	162.6644
269.000000	95.097	162.9192
272.000000	95.047	162.9962
276.000000	94.972	163.4117
280.000000	94.941	163.8323
285.000000	94.879	164.1926
290.000000	94.835	164.5497
295.000000	94.755	164.8752
300.000000	94.702	165.4440
304.000000	94.666	165.6948
307.000000	94.613	165.9277
311.000000	94.577	166.1265
315.000000	94.523	166.5605
320.000000	94.484	166.9046
325.000000	94.443	167.3813
330.000000	94.372	167.6947
335.000000	94.346	168.0095
340.000000	94.314	168.5080
345.000000	94.261	168.8325
350.000000	94.237	169.2496
355.000000	94.180	169.8027
360.000000	94.145	170.1669
365.000000	94.095	170.4992
370.000000	94.104	170.8514
375.000000	94.018	171.2760
382.000000	93.965	171.7532
387.000000	93.961	172.1911
395.000000	93.901	172.7489
400.000000	93.877	173.2043
406.000000	93.824	173.6192
412.000000	93.825	174.1932
418.000000	93.786	174.6247
425.000000	93.752	175.2051
431.000000	93.710	175.5621
437.000000	93.706	176.0245
444.000000	93.635	176.7347
450.000000	93.645	177.0685
455.000000	93.596	177.4414
462.000000	93.576	178.1562
468.000000	93.531	178.3940
475.000000	93.528	178.8462
482.000000	93.484	179.4110
487.000000	93.482	179.8522
494.000000	93.468	-179.5253
500.000000	93.426	-179.2346
508.000000	93.440	-178.6562
515.000000	93.427	-178.0762
522.000000	93.385	-177.8144
530.000000	93.386	-177.0359
538.000000	93.364	-176.5423
545.000000	93.362	-175.7758
552.000000	93.356	-175.4760
560.000000	93.336	-174.8793
570.000000	93.274	-174.0205
580.000000	93.332	-173.3412
590.000000	93.290	-172.4302
600.000000	93.267	-172.1070
608.000000	93.254	-171.3609
615.000000	93.283	-170.8346
622.000000	93.263	-170.1880
630.000000	93.279	-169.9350
640.000000	93.258	-168.9806
650.000000	93.244	-168.3925
660.000000	93.284	-167.6699
670.000000	93.261	-167.0467
680.000000	93.277	-166.1868
690.000000	93.303	-165.4256
700.000000	93.300	-164.9326
710.000000	93.332	-164.2656
720.000000	93.332	-163.3436
730.000000	93.384	-162.8756
740.000000	93.359	-162.1204
750.000000	93.407	-161.4560
762.000000	93.425	-160.5958
775.000000	93.471	-159.8690
788.000000	93.522	-158.8556
800.000000	93.567	-158.0598
812.000000	93.560	-157.3624
825.000000	93.641	-156.1890
838.000000	93.680	-155.7053
850.000000	93.731	-154.6812
862.000000	93.754	-153.9756
875.000000	93.863	-153.3313
885.000000	93.903	-152.7078
900.000000	93.955	-151.7662
912.000000	94.056	-151.2206
925.000000	94.106	-150.3271
938.000000	94.196	-149.7020
950.000000	94.274	-149.1321
962.000000	94.365	-148.4051
975.000000	94.432	-147.9624
988.000000	94.536	-147.1490
1000.000000	94.602	-146.5657
1015.000000	94.685	-146.0363
1030.000000	94.823	-145.2590
1044.000000	94.905	-144.7777
1060.000000	95.037	-144.1106
1075.000000	95.127	-143.5709
1090.000000	95.245	-143.2117
1106.000000	95.323	-142.6679
1120.000000	95.470	-142.3578
1138.000000	95.565	-141.8456
1150.000000	95.652	-141.4792
1172.000000	95.786	-140.9221
1180.000000	95.852	-140.7457
1206.000000	96.035	-140.3150
1220.000000	96.118	-139.8239
1241.000000	96.249	-139.4264
1250.000000	96.295	-139.3748
1265.000000	96.397	-139.1843
1280.000000	96.473	-138.8345
1315.000000	96.709	-138.2319
1320.000000	96.714	-138.1487
1340.000000	96.846	-137.8789
1360.000000	96.950	-137.6725
1380.000000	97.073	-137.4878
1400.000000	97.201	-137.0506
1430.000000	97.359	-136.6626
1450.000000	97.465	-136.4654
1475.000000	97.593	-136.1512
1500.000000	97.730	-135.7734
1525.000000	97.850	-135.6107
1550.000000	97.989	-135.2597
1575.000000	98.143	-134.9875
1600.000000	98.278	-134.7305
1625.000000	98.412	-134.5633
1650.000000	98.560	-134.3443
1675.000000	98.696	-134.2016
1700.000000	98.842	-134.0172
1725.000000	98.968	-133.7612
1750.000000	99.112	-133.6304
1775.000000	99.257	-133.5163
1800.000000	99.388	-133.4000
1825.000000	99.547	-133.2728
1850.000000	99.687	-133.2726
1875.000000	99.822	-133.1588
1900.000000	99.978	-133.1303
1925.000000	100.113	-133.1560
1950.000000	100.277	-133.1812
1975.000000	100.414	-133.2598
2000.000000	100.566	-133.3843
2030.000000	100.736	-133.4720
2060.000000	100.915	-133.7146
2090.000000	101.098	-133.8661
2120.000000	101.275	-134.2188
2140.000000	101.387	-134.3724
2180.000000	101.618	-134.8374
2200.000000	101.741	-135.0666
2240.000000	101.960	-135.8224
2270.000000	102.130	-136.3022
2300.000000	102.283	-136.9312
2330.000000	102.453	-137.5691
2360.000000	102.604	-138.1626
2400.000000	102.801	-139.1584
2430.000000	102.931	-139.8328
2470.000000	103.115	-141.0051
2500.000000	103.247	-141.9363
2540.000000	103.373	-143.0796
2580.000000	103.516	-144.4550
2620.000000	103.631	-145.6985
2650.000000	103.704	-146.7075
2690.000000	103.790	-147.9595
2720.000000	103.845	-148.9785
2760.000000	103.908	-150.3753
2800.000000	103.936	-151.7476
2850.000000	103.957	-153.1701
2900.000000	103.955	-154.6132
2950.000000	103.953	-155.8169
3000.000000	103.964	-156.8940
3040.000000	103.976	-157.8832
3070.000000	104.000	-158.5874
3110.000000	104.011	-159.7543
3150.000000	103.986	-160.8301
3200.000000	103.928	-162.0941
3250.000000	103.863	-163.2829
3300.000000	103.776	-164.3564
3350.000000	103.681	-165.2097
3400.000000	103.616	-166.0041
3450.000000	103.528	-166.7021
3500.000000	103.456	-167.3816
3550.000000	103.377	-168.0051
3600.000000	103.298	-168.5938
3650.000000	103.212	-169.1516
3700.000000	103.138	-169.5669
3750.000000	103.044	-169.9250
3820.000000	102.945	-170.4415
3870.000000	102.894	-170.7153
3950.000000	102.818	-171.1106
4000.000000	102.766	-171.3894
4060.000000	102.701	-171.7732
4120.000000	102.686	-172.1638
4180.000000	102.630	-172.6293
4250.000000	102.583	-173.1465
4310.000000	102.517	-173.7283
4370.000000	102.485	-174.1907
4440.000000	102.415	-174.7979
4500.000000	102.375	-175.3203
4550.000000	102.303	-175.8797
4620.000000	102.212	-176.5697
4680.000000	102.129	-177.0696
4750.000000	102.026	-177.8665
4820.000000	101.917	-178.4119
4870.000000	101.846	-178.9284
4940.000000	101.714	-179.5283
5000.000000	101.591	179.9244
5080.000000	101.439	179.1582
5150.000000	101.273	178.6047
5220.000000	101.099	178.1709
5300.000000	100.894	177.6918
5380.000000	100.660	177.3008
5450.000000	100.473	177.0290
5520.000000	100.251	177.1113
5600.000000	100.026	176.9959
5700.000000	99.729	177.3279
5800.000000	99.438	177.8655
5900.000000	99.186	178.7270
6000.000000	98.939	179.9517
6080.000000	98.752	-179.2952
6150.000000	98.624	-178.4429
6220.000000	98.507	-177.6116
6300.000000	98.350	-176.3674
6400.000000	98.243	-174.6709
6500.000000	98.168	-173.1981
6600.000000	98.112	-171.5734
6700.000000	98.114	-169.7183
6800.000000	98.200	-168.1321
6900.000000	98.264	-166.5845
7000.000000	98.405	-165.3233
7100.000000	98.617	-164.2075
7200.000000	98.818	-163.0950
7300.000000	99.094	-162.5314
7400.000000	99.407	-162.4411
7500.000000	99.776	-162.6225
7620.000000	100.222	-163.8211
7750.000000	100.718	-165.9898
7880.000000	101.125	-169.7567
8000.000000	101.397	-174.4174
8120.000000	101.502	-179.7479
8250.000000	101.313	173.7585
8380.000000	100.849	167.5956
8500.000000	100.225	162.6732
8620.000000	99.420	159.1374
8750.000000	98.528	156.2018
8850.000000	97.753	154.6238
9000.000000	96.651	153.9951
9120.000000	95.847	154.1748
9250.000000	94.978	155.2426
9380.000000	94.191	157.2805
9500.000000	93.560	159.3406
9620.000000	93.068	161.4953
9750.000000	92.497	163.6306
9880.000000	91.942	166.4265
10000.000000	91.437	169.0764
10150.000000	90.970	172.8613
10300.000000	90.618	176.3856
10440.000000	90.174	-179.7421
10600.000000	89.819	-175.4348
10750.000000	89.661	-171.0096
10900.000000	89.563	-166.9630
11060.000000	89.431	-161.8744
11200.000000	89.389	-159.2069
11380.000000	89.412	-153.8316
11500.000000	89.569	-150.4432
11720.000000	89.883	-144.6428
11800.000000	90.047	-142.3802
12060.000000	90.788	-136.7635
12200.000000	91.252	-134.0002
12410.000000	92.149	-129.8662
12500.000000	92.505	-128.5136
12650.000000	93.366	-127.1048
12800.000000	94.290	-126.1557
13150.000000	97.012	-128.5013
13200.000000	97.445	-129.8443
13400.000000	99.230	-137.4073
13600.000000	100.717	-151.1866
13800.000000	101.218	-169.5296
14000.000000	100.481	173.3920
14300.000000	98.244	157.7387
14500.000000	96.831	152.7768
14750.000000	95.305	149.7548
15000.000000	94.224	148.5861
15250.000000	93.360	148.9211
15500.000000	92.887	149.1409
15750.000000	92.811	148.3060
16000.000000	92.889	146.2430
16250.000000	93.270	141.8801
16500.000000	93.705	133.8012
16750.000000	93.637	122.9422
17000.000000	93.255	111.2747
17250.000000	92.328	100.7146
17500.000000	91.295	91.6470
17750.000000	90.110	82.9447
18000.000000	89.160	76.1750
18250.000000	88.361	68.8239
18500.000000	87.636	60.3469
18750.000000	86.701	48.7200
19000.000000	85.544	37.0071
19250.000000	83.464	23.5986
19500.000000	81.015	21.7426
19750.000000	80.201	21.6382
