* Measurement data measured by REW V5.31.1
* Source: EXCL: Micrófono (Realtek(R) Audio), MICROPHONE (Volumen general), L, volume: 0,900. Timing signal peak level -16,5 dBFS, measurement signal peak level -14,9 dBFS
* Format: 512k Log Swept Sine, 1 sweep at -12,0 dBFS using an acoustic timing reference
* Dated: 7/09/2025 08:41:44 PM
* REW Settings:
*  C-weighting compensation: Off
*  Target level: 75.0 dB
* Note: ; Delay -0,0160 ms (-5,5 mm, -0,22 in) using estimated IR delay relative to Acoustic reference played from HEADPHONE L with no timing offset Clock adjustment: 19,4 ppm
* Measurement: L red
* Smoothing: None
* Frequency Step: 1/48 octave
* Start Frequency: 20.000 Hz
*
* Freq(Hz)	SPL(dB)	Phase(degrees)
20.000000	103.520	-159.5052
20.299999	103.513	-160.4461
20.600000	103.481	-161.2791
20.900000	103.437	-161.9208
21.200001	103.398	-162.3385
21.400000	103.385	-162.5276
21.799999	103.397	-162.8320
22.000000	103.421	-163.0227
22.400000	103.486	-163.6064
22.700001	103.530	-164.2229
23.000000	103.554	-164.9199
23.299999	103.557	-165.5990
23.600000	103.548	-166.1992
24.000000	103.532	-166.8502
24.299999	103.527	-167.2733
24.700001	103.533	-167.8461
25.000000	103.539	-168.3215
25.400000	103.540	-169.0002
25.799999	103.528	-169.6581
26.200001	103.514	-170.2518
26.500000	103.507	-170.6731
26.900000	103.503	-171.2512
27.200001	103.500	-171.7169
27.600000	103.490	-172.3629
28.000000	103.470	-172.9764
28.500000	103.445	-173.6390
29.000000	103.436	-174.2466
29.500000	103.440	-174.9121
30.000000	103.439	-175.6524
30.400000	103.431	-176.2454
30.700001	103.423	-176.6707
31.100000	103.412	-177.2228
31.500000	103.399	-177.7839
32.000000	103.371	-178.4957
32.500000	103.323	-179.1215
33.000000	103.271	-179.5498
33.500000	103.238	-179.8203
34.000000	103.236	179.8733
34.500000	103.240	179.3839
35.000000	103.223	178.7687
35.500000	103.182	178.2178
36.000000	103.140	177.8259
36.500000	103.120	177.4858
37.000000	103.115	177.0182
37.500000	103.097	176.4017
38.200001	103.030	175.6030
38.700001	102.975	175.2505
39.500000	102.936	174.8310
40.000000	102.929	174.4531
40.599998	102.909	173.8828
41.200001	102.868	173.3373
41.799999	102.819	172.9123
42.500000	102.776	172.5097
43.099998	102.751	172.0981
43.700001	102.718	171.6205
44.400002	102.672	171.1276
45.000000	102.647	170.6971
45.500000	102.623	170.2234
46.200001	102.549	169.6390
46.799999	102.494	169.5442
47.500000	102.524	169.4243
48.200001	102.562	168.6044
48.700001	102.519	167.8953
49.400002	102.403	167.4549
50.000000	102.343	167.4385
50.799999	102.304	167.2281
51.500000	102.249	166.9157
52.200001	102.189	166.6527
53.000000	102.144	166.3130
53.799999	102.114	165.5410
54.500000	102.017	164.7103
55.200001	101.923	164.5866
56.000000	101.997	164.2291
57.000000	101.893	162.7725
58.000000	102.006	164.5751
59.000000	102.584	161.1657
60.000000	101.886	156.9373
60.799999	101.434	160.4254
61.500000	101.688	162.0609
62.200001	101.721	160.9547
63.000000	101.476	161.1605
64.000000	101.494	161.8904
65.000000	101.406	160.8842
66.000000	101.291	160.5451
67.000000	101.215	159.6747
68.000000	101.062	159.4907
69.000000	101.105	159.9288
70.000000	101.171	158.9165
71.000000	100.996	158.2551
72.000000	100.860	158.5204
73.000000	100.754	158.7986
74.000000	100.721	158.7045
75.000000	100.602	158.1343
76.199997	100.520	157.7551
77.500000	100.313	157.4070
78.800003	100.291	157.5683
80.000000	100.124	158.1013
81.199997	100.096	158.3238
82.500000	99.953	160.4884
83.800003	100.198	159.0338
85.000000	99.772	159.8994
86.199997	100.009	160.5992
87.500000	99.798	160.8474
88.500000	99.998	161.7455
90.000000	100.002	159.4559
91.199997	99.882	160.1683
92.500000	100.109	156.7007
93.800003	99.734	159.7510
95.000000	101.111	153.6920
96.199997	99.319	145.5095
97.500000	99.313	158.1397
98.800003	99.788	156.8496
100.000000	99.927	156.8716
101.500000	99.644	156.9953
103.000000	99.556	156.7919
104.400002	99.541	157.2433
106.000000	99.434	155.9053
107.500000	99.402	156.3221
109.000000	99.348	155.8445
110.599998	99.271	156.3635
112.000000	99.204	155.7274
113.800003	99.103	156.0092
115.000000	99.097	155.5930
117.199997	98.993	155.2674
118.000000	99.050	155.3707
120.599998	98.816	155.5774
122.000000	98.729	155.3660
124.099998	98.758	154.9881
125.000000	98.688	155.2117
126.500000	98.671	154.8509
128.000000	98.612	154.9910
131.500000	98.434	154.8326
132.000000	98.423	154.8475
134.000000	98.371	154.8615
136.000000	98.284	154.6210
138.000000	98.236	154.6797
140.000000	98.185	155.3044
143.000000	98.038	154.8090
145.000000	97.971	154.8045
147.500000	97.901	154.7224
150.000000	97.767	154.9406
152.500000	97.682	154.7960
155.000000	97.584	154.8327
157.500000	97.504	154.9172
160.000000	97.447	155.0010
162.500000	97.373	155.2144
165.000000	97.278	155.4294
167.500000	97.203	155.6209
170.000000	97.147	155.5906
172.500000	97.076	156.0589
175.000000	97.052	155.8499
177.500000	97.006	156.5500
180.000000	96.921	157.0361
182.500000	96.898	156.9017
185.000000	96.836	156.6823
187.500000	96.786	156.5595
190.000000	96.733	156.8317
192.500000	96.701	157.1019
195.000000	96.642	157.0974
197.500000	96.565	157.1702
200.000000	96.526	157.0446
203.000000	96.437	157.3247
206.000000	96.356	157.4937
209.000000	96.281	157.5750
212.000000	96.227	158.0869
214.000000	96.190	157.9072
218.000000	96.084	158.1393
220.000000	96.056	158.2838
224.000000	95.977	158.7319
227.000000	95.909	158.8058
230.000000	95.853	159.1846
233.000000	95.791	159.4912
236.000000	95.733	159.5280
240.000000	95.674	159.7903
243.000000	95.612	160.1345
247.000000	95.552	160.3813
250.000000	95.524	160.6459
254.000000	95.459	160.8681
258.000000	95.357	161.2590
262.000000	95.322	161.4828
265.000000	95.286	161.7707
269.000000	95.220	162.0342
272.000000	95.184	162.4816
276.000000	95.143	162.7509
280.000000	95.061	163.0165
285.000000	95.001	163.5025
290.000000	94.935	163.9341
295.000000	94.874	164.3635
300.000000	94.835	164.7454
304.000000	94.754	164.9242
307.000000	94.736	165.1378
311.000000	94.683	165.5817
315.000000	94.666	165.8978
320.000000	94.584	166.4025
325.000000	94.570	166.6968
330.000000	94.526	167.2386
335.000000	94.449	167.6567
340.000000	94.420	168.0513
345.000000	94.365	168.4162
350.000000	94.352	168.9060
355.000000	94.294	169.1747
360.000000	94.249	169.7672
365.000000	94.203	170.1677
370.000000	94.178	170.4009
375.000000	94.153	170.8494
382.000000	94.094	171.5619
387.000000	94.058	171.7807
395.000000	94.002	172.4892
400.000000	93.988	172.6489
406.000000	93.952	173.3477
412.000000	93.901	173.7177
418.000000	93.889	174.2939
425.000000	93.858	174.7249
431.000000	93.828	175.3097
437.000000	93.773	175.7339
444.000000	93.755	176.3695
450.000000	93.716	176.8214
455.000000	93.695	177.2083
462.000000	93.679	177.9543
468.000000	93.637	178.1378
475.000000	93.631	178.5674
482.000000	93.623	179.2439
487.000000	93.612	179.5298
494.000000	93.579	-179.9534
500.000000	93.554	-179.2229
508.000000	93.534	-178.8094
515.000000	93.495	-178.1740
522.000000	93.511	-177.7795
530.000000	93.488	-177.1544
538.000000	93.456	-176.3674
545.000000	93.470	-175.9368
552.000000	93.436	-175.6451
560.000000	93.422	-174.8504
570.000000	93.401	-174.0365
580.000000	93.411	-173.6003
590.000000	93.395	-172.7296
600.000000	93.363	-172.0938
608.000000	93.365	-171.3129
615.000000	93.357	-170.8938
622.000000	93.383	-170.4035
630.000000	93.351	-169.8350
640.000000	93.386	-168.8289
650.000000	93.385	-168.1226
660.000000	93.378	-167.3702
670.000000	93.400	-167.0208
680.000000	93.405	-166.2647
690.000000	93.403	-165.5637
700.000000	93.425	-164.8508
710.000000	93.432	-164.2569
720.000000	93.463	-163.4187
730.000000	93.482	-162.5880
740.000000	93.469	-162.0059
750.000000	93.491	-161.2411
762.000000	93.527	-160.3430
775.000000	93.579	-159.5212
788.000000	93.573	-158.6388
800.000000	93.639	-157.9618
812.000000	93.715	-157.2295
825.000000	93.745	-156.3361
838.000000	93.777	-155.4965
850.000000	93.827	-154.7472
862.000000	93.892	-153.8200
875.000000	93.930	-153.2190
885.000000	94.010	-152.6221
900.000000	94.088	-151.6557
912.000000	94.152	-151.0606
925.000000	94.224	-150.2995
938.000000	94.310	-149.6037
950.000000	94.391	-148.8675
962.000000	94.444	-148.2778
975.000000	94.522	-147.6185
988.000000	94.635	-147.0788
1000.000000	94.704	-146.3752
1015.000000	94.799	-145.8304
1030.000000	94.923	-145.1344
1044.000000	95.008	-144.5779
1060.000000	95.115	-143.9266
1075.000000	95.206	-143.3514
1090.000000	95.308	-142.9499
1106.000000	95.423	-142.5102
1120.000000	95.542	-141.9207
1138.000000	95.643	-141.2392
1150.000000	95.736	-141.2641
1172.000000	95.877	-140.4021
1180.000000	95.934	-140.2831
1206.000000	96.122	-139.8191
1220.000000	96.226	-139.5004
1241.000000	96.337	-139.0923
1250.000000	96.419	-138.9611
1265.000000	96.490	-138.7705
1280.000000	96.615	-138.3628
1315.000000	96.804	-137.7621
1320.000000	96.832	-137.6519
1340.000000	96.962	-137.4026
1360.000000	97.054	-137.0089
1380.000000	97.174	-136.6684
1400.000000	97.281	-136.4570
1430.000000	97.462	-136.1558
1450.000000	97.562	-135.8896
1475.000000	97.693	-135.4159
1500.000000	97.840	-135.1022
1525.000000	97.995	-134.7881
1550.000000	98.113	-134.5748
1575.000000	98.270	-134.2744
1600.000000	98.427	-134.0221
1625.000000	98.570	-133.7712
1650.000000	98.692	-133.5771
1675.000000	98.841	-133.3761
1700.000000	98.991	-133.2847
1725.000000	99.125	-133.1461
1750.000000	99.268	-132.8558
1775.000000	99.420	-132.9030
1800.000000	99.572	-132.8551
1825.000000	99.711	-132.7779
1850.000000	99.855	-132.7078
1875.000000	99.996	-132.6498
1900.000000	100.144	-132.7418
1925.000000	100.306	-132.7858
1950.000000	100.447	-132.7991
1975.000000	100.590	-132.9002
2000.000000	100.760	-132.9843
2030.000000	100.922	-133.1839
2060.000000	101.101	-133.4742
2090.000000	101.279	-133.7746
2120.000000	101.461	-134.0589
2140.000000	101.564	-134.3521
2180.000000	101.799	-134.9462
2200.000000	101.913	-135.2056
2240.000000	102.139	-135.9746
2270.000000	102.304	-136.5791
2300.000000	102.466	-137.2162
2330.000000	102.634	-137.9225
2360.000000	102.762	-138.6921
2400.000000	102.943	-139.8553
2430.000000	103.086	-140.7058
2470.000000	103.233	-141.9357
2500.000000	103.346	-142.9222
2540.000000	103.481	-144.3010
2580.000000	103.585	-145.7102
2620.000000	103.674	-147.1553
2650.000000	103.723	-148.3053
2690.000000	103.778	-149.7286
2720.000000	103.797	-150.8122
2760.000000	103.808	-152.2113
2800.000000	103.784	-153.5128
2850.000000	103.761	-155.0406
2900.000000	103.699	-156.3073
2950.000000	103.647	-157.4350
3000.000000	103.628	-158.4621
3040.000000	103.604	-159.3657
3070.000000	103.572	-160.1005
3110.000000	103.529	-161.0746
3150.000000	103.463	-162.0650
3200.000000	103.349	-163.1781
3250.000000	103.238	-164.0691
3300.000000	103.108	-164.7746
3350.000000	102.981	-165.3786
3400.000000	102.862	-165.8871
3450.000000	102.736	-166.2873
3500.000000	102.610	-166.5048
3550.000000	102.509	-166.7400
3600.000000	102.409	-166.9343
3650.000000	102.300	-166.9378
3700.000000	102.209	-166.9323
3750.000000	102.122	-166.9474
3820.000000	102.008	-166.7119
3870.000000	101.954	-166.6826
3950.000000	101.882	-166.4749
4000.000000	101.826	-166.3110
4060.000000	101.811	-166.1696
4120.000000	101.764	-166.0694
4180.000000	101.756	-166.0438
4250.000000	101.727	-166.0290
4310.000000	101.719	-166.0243
4370.000000	101.721	-166.0982
4440.000000	101.678	-166.3975
4500.000000	101.651	-166.5502
4550.000000	101.652	-166.7368
4620.000000	101.611	-166.9198
4680.000000	101.591	-167.2015
4750.000000	101.550	-167.6107
4820.000000	101.500	-167.9887
4870.000000	101.436	-168.1912
4940.000000	101.383	-168.4763
5000.000000	101.324	-168.6883
5080.000000	101.238	-169.0044
5150.000000	101.175	-169.3594
5220.000000	101.112	-169.6738
5300.000000	100.996	-169.9330
5380.000000	100.889	-170.2780
5450.000000	100.785	-170.5391
5520.000000	100.673	-170.6432
5600.000000	100.542	-170.6836
5700.000000	100.376	-170.7701
5800.000000	100.219	-170.5472
5900.000000	100.051	-170.2674
6000.000000	99.896	-169.8172
6080.000000	99.771	-169.4172
6150.000000	99.671	-168.9128
6220.000000	99.557	-168.3726
6300.000000	99.481	-167.7431
6400.000000	99.411	-166.6452
6500.000000	99.374	-165.6111
6600.000000	99.327	-164.5060
6700.000000	99.362	-163.4893
6800.000000	99.393	-162.1960
6900.000000	99.506	-161.2161
7000.000000	99.658	-160.3512
7100.000000	99.850	-159.5634
7200.000000	100.091	-159.0795
7300.000000	100.364	-158.9658
7400.000000	100.695	-159.5182
7500.000000	101.035	-160.4346
7620.000000	101.466	-162.3853
7750.000000	101.888	-165.8077
7880.000000	102.247	-170.6230
8000.000000	102.382	-176.2656
8120.000000	102.290	177.3089
8250.000000	101.847	170.4250
8380.000000	101.140	164.3912
8500.000000	100.310	160.0039
8620.000000	99.370	156.8421
8750.000000	98.304	154.7591
8850.000000	97.532	154.2684
9000.000000	96.386	154.6042
9120.000000	95.522	155.4164
9250.000000	94.691	157.2419
9380.000000	93.933	159.1164
9500.000000	93.274	161.6127
9620.000000	92.711	164.3852
9750.000000	92.089	167.1525
9880.000000	91.539	170.2009
10000.000000	91.226	173.2598
10150.000000	90.783	176.9708
10300.000000	90.382	-178.9680
10440.000000	90.045	-175.3045
10600.000000	89.809	-171.4920
10750.000000	89.652	-167.8446
10900.000000	89.501	-163.7649
11060.000000	89.430	-159.6997
11200.000000	89.424	-156.2357
11380.000000	89.453	-152.4334
11500.000000	89.494	-149.2467
11720.000000	89.620	-144.3425
11800.000000	89.842	-142.4957
12060.000000	90.380	-136.9184
12200.000000	90.691	-134.0423
12410.000000	91.397	-130.2411
12500.000000	91.830	-129.5170
12650.000000	92.539	-127.4222
12800.000000	93.413	-126.6536
13150.000000	95.884	-128.8057
13200.000000	96.312	-129.8935
13400.000000	97.937	-137.9351
13600.000000	99.259	-151.6776
13800.000000	99.515	-169.5136
14000.000000	98.480	174.6265
14300.000000	96.168	160.9912
14500.000000	94.709	157.0595
14750.000000	93.204	154.9365
15000.000000	92.081	154.7817
15250.000000	91.159	154.2643
15500.000000	90.654	154.9167
15750.000000	90.357	155.1220
16000.000000	90.477	153.3942
16250.000000	90.764	149.1082
16500.000000	91.003	141.4967
16750.000000	90.995	131.9553
17000.000000	90.385	121.2972
17250.000000	89.546	111.0112
17500.000000	88.462	101.3919
17750.000000	87.477	92.8713
18000.000000	86.287	84.9274
18250.000000	85.037	76.3911
18500.000000	83.640	66.8723
18750.000000	82.397	58.9961
19000.000000	80.198	50.6815
19250.000000	78.282	49.4771
19500.000000	76.429	46.7577
19750.000000	75.919	44.1226
