* Measurement data measured by REW V5.31.1
* Source: EXCL: Micrófono (Realtek(R) Audio), MICROPHONE (Volumen general), L, volume: 0,900. Timing signal peak level -16,0 dBFS, measurement signal peak level -15,0 dBFS
* Format: 512k Log Swept Sine, 1 sweep at -12,0 dBFS using an acoustic timing reference
* Dated: 7/09/2025 08:31:28 PM
* REW Settings:
*  C-weighting compensation: Off
*  Target level: 75.0 dB
* Note: ; Delay -0,0156 ms (-5,3 mm, -0,21 in) using estimated IR delay relative to Acoustic reference played from HEADPHONE L with no timing offset Clock adjustment: 19,3 ppm
* Measurement: L golden
* Smoothing: None
* Frequency Step: 1/48 octave
* Start Frequency: 20.000 Hz
*
* Freq(Hz)	SPL(dB)	Phase(degrees)
20.000000	103.436	-158.1747
20.299999	103.453	-158.7891
20.600000	103.471	-159.4279
20.900000	103.487	-160.0977
21.200001	103.497	-160.7864
21.400000	103.499	-161.2408
21.799999	103.495	-162.1121
22.000000	103.492	-162.5202
22.400000	103.485	-163.2805
22.700001	103.485	-163.8229
23.000000	103.489	-164.3682
23.299999	103.495	-164.9318
23.600000	103.499	-165.5138
24.000000	103.501	-166.3012
24.299999	103.499	-166.8787
24.700001	103.493	-167.6123
25.000000	103.490	-168.1373
25.400000	103.488	-168.8225
25.799999	103.487	-169.5102
26.200001	103.480	-170.1908
26.500000	103.471	-170.6711
26.900000	103.455	-171.2361
27.200001	103.446	-171.5951
27.600000	103.445	-172.0155
28.000000	103.458	-172.4455
28.500000	103.480	-173.0981
29.000000	103.482	-173.8397
29.500000	103.456	-174.4715
30.000000	103.434	-174.8549
30.400000	103.446	-175.0908
30.700001	103.475	-175.3515
31.100000	103.517	-175.9387
31.500000	103.533	-176.7796
32.000000	103.480	-177.8888
32.500000	103.368	-178.6259
33.000000	103.275	-178.8714
33.500000	103.250	-178.9973
34.000000	103.264	-179.4401
34.500000	103.255	179.8057
35.000000	103.202	179.0687
35.500000	103.142	178.5631
36.000000	103.109	178.1577
36.500000	103.094	177.6440
37.000000	103.067	177.0418
37.500000	103.025	176.5330
38.200001	102.988	176.0411
38.700001	102.986	175.6465
39.500000	102.967	174.8337
40.000000	102.937	174.4042
40.599998	102.908	174.0005
41.200001	102.888	173.5490
41.799999	102.852	173.0542
42.500000	102.798	172.5941
43.099998	102.765	172.2260
43.700001	102.732	171.7365
44.400002	102.671	171.1342
45.000000	102.618	170.7309
45.500000	102.589	170.3990
46.200001	102.553	169.8054
46.799999	102.505	169.2891
47.500000	102.448	168.9361
48.200001	102.440	168.7033
48.700001	102.452	168.3641
49.400002	102.426	167.6721
50.000000	102.356	167.3247
50.799999	102.309	167.2485
51.500000	102.293	166.7046
52.200001	102.166	166.0646
53.000000	102.028	166.2715
53.799999	102.042	165.9866
54.500000	101.966	165.0937
55.200001	101.883	164.9264
56.000000	101.957	164.1939
57.000000	101.816	162.7958
58.000000	102.056	163.4421
59.000000	102.247	158.6460
60.000000	101.375	158.0250
60.799999	101.398	162.0287
61.500000	101.695	161.8866
62.200001	101.604	160.8920
63.000000	101.469	161.5247
64.000000	101.451	161.2566
65.000000	101.308	161.1393
66.000000	101.295	160.5506
67.000000	101.168	159.8806
68.000000	101.124	159.7099
69.000000	101.091	159.9340
70.000000	101.223	159.5289
71.000000	100.985	158.2010
72.000000	100.809	159.9873
73.000000	100.940	159.2181
74.000000	100.616	158.2224
75.000000	100.552	159.0699
76.199997	100.555	157.8769
77.500000	100.396	157.1468
78.800003	100.265	157.9225
80.000000	100.093	158.2776
81.199997	100.075	159.9160
82.500000	99.477	158.5487
83.800003	99.642	164.7640
85.000000	99.912	159.2767
86.199997	99.461	160.1438
87.500000	99.728	158.5161
88.500000	99.504	159.3050
90.000000	99.995	160.3308
91.199997	99.932	159.5764
92.500000	100.027	159.8613
93.800003	100.003	158.9719
95.000000	99.942	157.2538
96.199997	99.643	157.9112
97.500000	99.904	158.0958
98.800003	99.821	158.0411
100.000000	99.976	157.7786
101.500000	99.798	157.4715
103.000000	99.728	156.8881
104.400002	99.615	157.1137
106.000000	99.562	155.6765
107.500000	99.449	155.9277
109.000000	99.404	155.4692
110.599998	99.329	155.3343
112.000000	99.235	155.2941
113.800003	99.148	155.3463
115.000000	99.121	155.1313
117.199997	98.999	154.8330
118.000000	98.927	155.1559
120.599998	98.752	154.8102
122.000000	98.804	155.0523
124.099998	98.684	154.7343
125.000000	98.660	154.9173
126.500000	98.660	154.5943
128.000000	98.538	154.9895
131.500000	98.392	154.7175
132.000000	98.352	154.7725
134.000000	98.299	154.8118
136.000000	98.225	154.6758
138.000000	98.231	154.9071
140.000000	98.194	155.7989
143.000000	98.009	155.1459
145.000000	97.917	155.1732
147.500000	97.870	155.0576
150.000000	97.799	155.1632
152.500000	97.682	155.3853
155.000000	97.576	155.3112
157.500000	97.501	155.2308
160.000000	97.418	155.2827
162.500000	97.384	156.0819
165.000000	97.346	156.0269
167.500000	97.363	156.6276
170.000000	97.183	156.9243
172.500000	97.239	156.5755
175.000000	96.980	156.5403
177.500000	97.120	156.3042
180.000000	96.986	156.1920
182.500000	96.969	156.4186
185.000000	96.902	156.1686
187.500000	96.808	156.3085
190.000000	96.773	156.4808
192.500000	96.674	156.6683
195.000000	96.599	156.7673
197.500000	96.549	156.9664
200.000000	96.488	156.9051
203.000000	96.435	157.0471
206.000000	96.370	157.4251
209.000000	96.268	157.7989
212.000000	96.263	157.8074
214.000000	96.252	158.2296
218.000000	96.118	158.2265
220.000000	96.052	158.3217
224.000000	95.989	158.7151
227.000000	95.915	158.7893
230.000000	95.868	159.0948
233.000000	95.820	159.3287
236.000000	95.770	159.4787
240.000000	95.695	159.8965
243.000000	95.618	160.2670
247.000000	95.577	160.2211
250.000000	95.531	160.4459
254.000000	95.447	160.8419
258.000000	95.378	161.2482
262.000000	95.336	161.6302
265.000000	95.280	161.8902
269.000000	95.216	162.1140
272.000000	95.203	162.2555
276.000000	95.108	162.7979
280.000000	95.072	162.9706
285.000000	95.043	163.2646
290.000000	94.960	163.8867
295.000000	94.872	164.2326
300.000000	94.803	164.5346
304.000000	94.786	164.8397
307.000000	94.758	165.2585
311.000000	94.730	165.5432
315.000000	94.667	165.9400
320.000000	94.602	166.2760
325.000000	94.548	166.6694
330.000000	94.514	167.2178
335.000000	94.481	167.5127
340.000000	94.446	167.9814
345.000000	94.366	168.3217
350.000000	94.348	168.6854
355.000000	94.288	169.1852
360.000000	94.274	169.3616
365.000000	94.235	169.8799
370.000000	94.187	170.2986
375.000000	94.120	170.7127
382.000000	94.082	171.2763
387.000000	94.078	171.7712
395.000000	94.034	172.5156
400.000000	93.984	172.8128
406.000000	93.961	173.2100
412.000000	93.946	173.9257
418.000000	93.875	174.2426
425.000000	93.851	174.7517
431.000000	93.834	175.2612
437.000000	93.791	175.7285
444.000000	93.769	176.3685
450.000000	93.729	176.6810
455.000000	93.703	177.2080
462.000000	93.706	177.6017
468.000000	93.684	178.2469
475.000000	93.661	178.5503
482.000000	93.605	178.9604
487.000000	93.622	179.3251
494.000000	93.618	-179.9284
500.000000	93.568	-179.5244
508.000000	93.553	-179.0290
515.000000	93.566	-178.5853
522.000000	93.478	-177.8426
530.000000	93.505	-177.1990
538.000000	93.499	-176.8399
545.000000	93.441	-176.2121
552.000000	93.436	-175.5592
560.000000	93.436	-174.9527
570.000000	93.439	-174.3031
580.000000	93.421	-173.5554
590.000000	93.414	-172.7676
600.000000	93.419	-172.1409
608.000000	93.392	-171.5776
615.000000	93.411	-170.9440
622.000000	93.396	-170.7789
630.000000	93.408	-170.0502
640.000000	93.408	-169.1641
650.000000	93.400	-168.4855
660.000000	93.374	-167.7101
670.000000	93.417	-167.1167
680.000000	93.416	-166.3280
690.000000	93.434	-165.6536
700.000000	93.406	-165.1467
710.000000	93.439	-164.3031
720.000000	93.465	-163.3931
730.000000	93.488	-163.0685
740.000000	93.486	-162.2298
750.000000	93.536	-161.5732
762.000000	93.561	-160.5327
775.000000	93.616	-159.8621
788.000000	93.632	-159.0238
800.000000	93.673	-158.2421
812.000000	93.711	-157.4324
825.000000	93.734	-156.5504
838.000000	93.815	-155.9028
850.000000	93.877	-155.0006
862.000000	93.921	-154.0485
875.000000	94.004	-153.3785
885.000000	94.058	-152.6898
900.000000	94.120	-151.9015
912.000000	94.186	-151.2153
925.000000	94.248	-150.4679
938.000000	94.310	-149.9490
950.000000	94.386	-149.1780
962.000000	94.463	-148.5370
975.000000	94.542	-147.8981
988.000000	94.638	-147.2559
1000.000000	94.708	-146.7575
1015.000000	94.847	-146.0566
1030.000000	94.920	-145.3945
1044.000000	95.025	-144.8081
1060.000000	95.107	-144.1821
1075.000000	95.223	-143.7258
1090.000000	95.340	-143.4067
1106.000000	95.467	-142.7361
1120.000000	95.561	-142.2920
1138.000000	95.707	-141.6191
1150.000000	95.747	-141.2835
1172.000000	95.922	-140.9073
1180.000000	95.969	-140.7335
1206.000000	96.151	-140.1795
1220.000000	96.234	-139.9050
1241.000000	96.370	-139.4898
1250.000000	96.440	-139.1921
1265.000000	96.529	-139.0195
1280.000000	96.617	-138.7461
1315.000000	96.823	-138.1362
1320.000000	96.877	-138.1862
1340.000000	96.960	-137.7739
1360.000000	97.099	-137.6076
1380.000000	97.222	-137.2234
1400.000000	97.321	-136.8232
1430.000000	97.482	-136.5539
1450.000000	97.594	-136.4036
1475.000000	97.740	-136.0814
1500.000000	97.880	-135.7381
1525.000000	98.010	-135.5254
1550.000000	98.158	-135.1799
1575.000000	98.299	-134.9332
1600.000000	98.442	-134.8157
1625.000000	98.602	-134.4571
1650.000000	98.722	-134.2830
1675.000000	98.881	-134.1153
1700.000000	99.006	-134.0117
1725.000000	99.167	-133.9183
1750.000000	99.315	-133.8131
1775.000000	99.436	-133.7054
1800.000000	99.591	-133.6031
1825.000000	99.742	-133.6861
1850.000000	99.878	-133.7339
1875.000000	100.019	-133.7445
1900.000000	100.164	-133.7569
1925.000000	100.321	-133.8046
1950.000000	100.459	-133.9503
1975.000000	100.599	-133.9996
2000.000000	100.756	-134.1806
2030.000000	100.923	-134.4369
2060.000000	101.096	-134.6603
2090.000000	101.261	-134.9399
2120.000000	101.438	-135.4153
2140.000000	101.550	-135.6258
2180.000000	101.764	-136.2629
2200.000000	101.875	-136.5012
2240.000000	102.094	-137.3542
2270.000000	102.237	-137.8704
2300.000000	102.399	-138.5699
2330.000000	102.549	-139.3395
2360.000000	102.694	-140.0603
2400.000000	102.868	-141.2179
2430.000000	102.983	-142.0454
2470.000000	103.132	-143.3293
2500.000000	103.238	-144.3169
2540.000000	103.359	-145.6307
2580.000000	103.457	-147.0418
2620.000000	103.535	-148.4541
2650.000000	103.585	-149.5140
2690.000000	103.626	-150.9463
2720.000000	103.646	-151.9801
2760.000000	103.650	-153.4144
2800.000000	103.629	-154.7169
2850.000000	103.584	-156.3174
2900.000000	103.516	-157.7680
2950.000000	103.421	-158.8072
3000.000000	103.347	-159.7832
3040.000000	103.297	-160.2488
3070.000000	103.286	-160.7790
3110.000000	103.261	-161.5216
3150.000000	103.217	-162.3768
3200.000000	103.129	-163.3996
3250.000000	103.021	-164.2630
3300.000000	102.912	-165.0586
3350.000000	102.784	-165.6133
3400.000000	102.659	-166.1586
3450.000000	102.543	-166.4654
3500.000000	102.415	-166.7233
3550.000000	102.307	-166.8826
3600.000000	102.196	-166.9458
3650.000000	102.084	-167.0270
3700.000000	102.006	-166.8266
3750.000000	101.919	-166.8636
3820.000000	101.811	-166.7991
3870.000000	101.764	-166.5682
3950.000000	101.689	-166.1537
4000.000000	101.650	-166.0673
4060.000000	101.637	-165.7741
4120.000000	101.599	-165.6839
4180.000000	101.593	-165.5039
4250.000000	101.592	-165.5198
4310.000000	101.588	-165.4987
4370.000000	101.595	-165.6079
4440.000000	101.587	-165.7534
4500.000000	101.571	-165.8865
4550.000000	101.578	-166.1566
4620.000000	101.546	-166.4039
4680.000000	101.539	-166.6880
4750.000000	101.506	-167.0260
4820.000000	101.484	-167.4841
4870.000000	101.460	-167.8170
4940.000000	101.405	-168.2272
5000.000000	101.340	-168.6828
5080.000000	101.276	-169.0175
5150.000000	101.192	-169.4797
5220.000000	101.101	-169.8082
5300.000000	101.011	-170.2591
5380.000000	100.870	-170.5586
5450.000000	100.770	-170.9469
5520.000000	100.639	-171.0480
5600.000000	100.505	-171.2843
5700.000000	100.305	-171.1011
5800.000000	100.127	-171.1187
5900.000000	99.932	-170.5338
6000.000000	99.749	-170.0352
6080.000000	99.620	-169.4945
6150.000000	99.504	-168.8193
6220.000000	99.444	-168.1881
6300.000000	99.360	-167.3555
6400.000000	99.282	-166.2903
6500.000000	99.224	-165.0614
6600.000000	99.222	-163.9678
6700.000000	99.247	-162.7561
6800.000000	99.325	-161.5450
6900.000000	99.421	-160.4105
7000.000000	99.569	-159.2887
7100.000000	99.758	-158.4910
7200.000000	100.021	-157.9173
7300.000000	100.293	-157.5492
7400.000000	100.633	-157.7899
7500.000000	100.982	-158.4626
7620.000000	101.484	-159.8424
7750.000000	101.990	-162.9913
7880.000000	102.438	-167.4241
8000.000000	102.705	-172.9324
8120.000000	102.727	-179.4471
8250.000000	102.471	173.2339
8380.000000	101.854	166.2216
8500.000000	101.068	161.1358
8620.000000	100.147	157.2434
8750.000000	99.101	154.6086
8850.000000	98.314	153.4683
9000.000000	97.147	153.0530
9120.000000	96.298	153.5184
9250.000000	95.427	154.6395
9380.000000	94.630	156.2892
9500.000000	93.988	158.3208
9620.000000	93.358	160.1311
9750.000000	92.770	162.6155
9880.000000	92.170	165.3200
10000.000000	91.730	168.0156
10150.000000	91.181	171.6666
10300.000000	90.703	175.2872
10440.000000	90.284	178.9573
10600.000000	89.966	-176.5247
10750.000000	89.778	-172.4908
10900.000000	89.514	-167.8605
11060.000000	89.433	-164.2815
11200.000000	89.432	-160.6180
11380.000000	89.456	-156.4559
11500.000000	89.494	-153.1181
11720.000000	89.703	-148.2479
11800.000000	89.886	-146.4371
12060.000000	90.419	-141.5950
12200.000000	90.852	-138.5540
12410.000000	91.551	-135.3069
12500.000000	91.896	-134.9029
12650.000000	92.564	-133.4329
12800.000000	93.345	-132.9410
13150.000000	95.603	-136.8630
13200.000000	95.920	-138.1847
13400.000000	97.290	-146.5137
13600.000000	98.080	-159.1667
13800.000000	98.040	-173.8879
14000.000000	97.181	173.6442
14300.000000	95.236	162.0320
14500.000000	93.952	158.6642
14750.000000	92.672	156.4844
15000.000000	91.612	155.6575
15250.000000	90.863	155.9973
15500.000000	90.385	155.8794
15750.000000	90.182	155.6320
16000.000000	90.290	154.1030
16250.000000	90.631	150.2053
16500.000000	90.885	143.3140
16750.000000	90.754	133.0435
17000.000000	90.251	122.7190
17250.000000	89.429	113.3056
17500.000000	88.419	104.5598
17750.000000	87.416	96.3712
18000.000000	86.503	89.6512
18250.000000	85.572	80.4724
18500.000000	84.387	73.1195
18750.000000	83.211	63.0219
19000.000000	81.430	54.1442
19250.000000	79.441	46.3885
19500.000000	77.866	48.9159
19750.000000	76.758	45.9174
